,n_neighbors,weights,p,mean_score,score0,score1,score2,score3,score4,metric_mae0,metric_mae1,metric_mae2,metric_mae3,metric_mae4,mean_metric_mae,metric_std_error0,metric_std_error1,metric_std_error2,metric_std_error3,metric_std_error4,mean_metric_std_error,metric_r20,metric_r21,metric_r22,metric_r23,metric_r24,mean_metric_r2,metric_adjusted_r20,metric_adjusted_r21,metric_adjusted_r22,metric_adjusted_r23,metric_adjusted_r24,mean_metric_adjusted_r2,mean_time_train,mean_time_pred,time_train0,time_train1,time_train2,time_train3,time_train4,time_pred0,time_pred1,time_pred2,time_pred3,time_pred4
0,11,uniform,2.493213854513786,0.6019437817643265,0.5898837326850703,0.6389076290980231,0.59080146400229,0.5857067366164961,0.604419346419753,0.18092950798762023,0.182412728306722,0.18687042399072082,0.18269178070901185,0.1837141879298556,0.18332372578478612,0.16664460865869044,0.15468158484377043,0.16721805929641634,0.1705026049984598,0.1626765198511762,0.1643446755297026,0.5898837326850703,0.6389076290980231,0.59080146400229,0.5857067366164961,0.604419346419753,0.6019437817643265,0.5814997544776102,0.6315258429807766,0.5824362469120472,0.5772373683701553,0.5963325187486066,0.5938063462978392,1.4723141988118488e-06,0.0011687660217285156,1.9744038581848145e-06,1.3355414072672526e-06,1.3615687688191732e-06,1.3479590415954589e-06,1.3420979181925455e-06,0.0011431058247884116,0.0011624614397684732,0.0011638224124908448,0.0011851453781127929,0.0011892950534820557
1,5,distance,5.945403789865167,0.5610737859720655,0.5693957328864884,0.5777079370505619,0.5758615060704606,0.5719236313490916,0.5104801225037252,0.1873946818032295,0.18742746637723381,0.19675690930371625,0.192283616404787,0.1913094024984431,0.19103441527748194,0.17971808517951468,0.17447907396885207,0.16624831165052548,0.16683747809934346,0.18204626983132538,0.17386584374591224,0.5693957328864884,0.5777079370505619,0.5758615060704606,0.5719236313490916,0.5104801225037252,0.5610737859720655,0.5605929199301645,0.5690750499033843,0.5671908724637238,0.5631724960444734,0.5004729018394061,0.5521008480362304,1.38092041015625e-06,0.0007094969749450685,1.6148885091145834e-06,1.3349453608194988e-06,1.3000766436258952e-06,1.3554096221923827e-06,1.29928191502889e-06,0.0007239151000976563,0.0007085021336873372,0.0007094915707906087,0.0006982902685801188,0.0007072858015696208
2,4,uniform,4.045558542619029,0.5435662238017357,0.5114198515907717,0.5886284467521504,0.539148024565548,0.5616348504623714,0.5169999456378372,0.1942430658927024,0.1887212807278776,0.187505868804809,0.1952480669897464,0.19347839192930535,0.19183933486888816,0.1884055531575751,0.1712750728808754,0.17900768675713516,0.1789417787197519,0.1857297199976105,0.18067196230258964,0.5114198515907717,0.5886284467521504,0.539148024565548,0.5616348504623714,0.5169999456378372,0.5435662238017357,0.5014318417425422,0.5802188068220411,0.529726859820721,0.5526733823287231,0.5071260092624609,0.5342353799952977,1.440425713857015e-06,0.0007446561654408773,1.5586614608764648e-06,1.350541909535726e-06,1.3091166814168295e-06,1.5790263811747233e-06,1.4047821362813313e-06,0.0007422709465026855,0.0007546814282735189,0.000764845609664917,0.0007431300481160482,0.0007183527946472167
3,11,distance,4.525139415749964,0.5774163540106847,0.5827052957704761,0.6281025003972595,0.5318811296226564,0.5731815250852869,0.5712113191777446,0.18687889478423209,0.18336258240122802,0.19296660522882972,0.18549377618842375,0.1916264633606564,0.18806566439267397,0.1684710688203168,0.15798610479965514,0.18060260572920905,0.1720074806739503,0.16874995957714928,0.16956344392005612,0.5827052957704761,0.6281025003972595,0.5318811296226564,0.5731815250852869,0.5712113191777446,0.5774163540106847,0.5741745692785608,0.6204998257886856,0.5223114082520804,0.5644561048144581,0.5624456221251601,0.568777506051789,1.3815959294637046e-06,0.0009410432974497477,1.544356346130371e-06,1.336534818013509e-06,1.3527274131774903e-06,1.3118982315063477e-06,1.362462838490804e-06,0.0009194191296895345,0.0009575863679250081,0.0009254070123036703,0.0009570606549580892,0.0009457433223724366
4,3,distance,9.495792996237004,0.5035527690498213,0.4760227768111248,0.4842797477798523,0.4988258080883702,0.5393954246346346,0.5192400879351243,0.20393149372180333,0.20270393971221168,0.1926748349906694,0.19949294126426462,0.20616244256131938,0.20099313045005368,0.18704770701002688,0.1929272004715896,0.19169890183601743,0.17721079545234705,0.1895442386760472,0.18768576868920564,0.4760227768111248,0.4842797477798523,0.4988258080883702,0.5393954246346346,0.5192400879351243,0.5035527690498213,0.4653111470355431,0.4737369146850623,0.4885803390884731,0.5299793174721399,0.5094119466322649,0.4934039329826966,1.3779401779174806e-06,0.0005649429162343343,1.5488266944885254e-06,1.3828277587890625e-06,1.3118982315063477e-06,1.3466676076253255e-06,1.2994805971781412e-06,0.0005665568510691324,0.0005819785594940185,0.0005531958738962809,0.000571604569753011,0.0005513787269592285
5,5,distance,7.254472207199892,0.5616059446744042,0.5502015371025606,0.532885140912063,0.5845008241730754,0.5411093663653139,0.5993328548190081,0.18883997782486844,0.20107028259175383,0.18719544994704868,0.1924880441080514,0.18333691074156847,0.19058613304265817,0.18466949570215813,0.1806156070126994,0.16491995521343938,0.1777332953816653,0.16516330538896246,0.17462033173978492,0.5502015371025606,0.532885140912063,0.5845008241730754,0.5411093663653139,0.5993328548190081,0.5616059446744042,0.5410063385424766,0.5233359444741494,0.5760068035428827,0.5317282971939064,0.5911420443553421,0.5526438856217515,1.3703107833862304e-06,0.0006800766785939534,1.5599528948465983e-06,1.33514404296875e-06,1.3106067975362142e-06,1.3528267542521158e-06,1.2930234273274739e-06,0.0006817531585693359,0.0006708534558614095,0.0006843368212381999,0.0006803735097249349,0.000683066447575887
6,14,distance,6.004572759388407,0.5576704635575093,0.5581103558808542,0.5742936931535259,0.5247339415946245,0.5539737468806302,0.577240580277911,0.18891553202806513,0.18560757403322317,0.20467545484333483,0.20788906013314498,0.18706988764408244,0.19483150173637012,0.16789188845988962,0.1610740594993302,0.18547966249655015,0.17940611657912062,0.16467515007847647,0.17170537542267342,0.5581103558808542,0.5742936931535259,0.5247339415946245,0.5539737468806302,0.577240580277911,0.5576704635575093,0.5490768367506502,0.5655910088568348,0.5150181107583988,0.544855663341563,0.5685981389888735,0.548627951739264,1.3849139213562011e-06,0.0009503060181935627,1.5479326248168945e-06,1.3441840807596842e-06,1.3549129168192545e-06,1.3300776481628419e-06,1.3474623362223307e-06,0.000936215321222941,0.0009601688385009765,0.0009599880377451579,0.000941927433013916,0.0009532304604848226
7,8,uniform,9.900726706000471,0.5553031828822574,0.5553011894023074,0.5874689407111802,0.5207308096444389,0.5734648206891286,0.5395501539642318,0.18933911423610741,0.17898332613941978,0.20244272491460288,0.19472950745802484,0.2055979907759947,0.19421853270482994,0.1734792324701052,0.1663917929658527,0.18676493361167834,0.16889339867400394,0.17143763979535714,0.17339339950339946,0.5553011894023074,0.5874689407111802,0.5207308096444389,0.5734648206891286,0.5395501539642318,0.5553031828822574,0.5462102426779933,0.5790355970800629,0.510933143061361,0.5647451918105417,0.5301372099226147,0.5462122769105148,1.3855497042338052e-06,0.0007544138431549073,1.563727855682373e-06,1.3546148935953776e-06,1.3083219528198242e-06,1.356502374013265e-06,1.3445814450581869e-06,0.0007513324419657389,0.0007393483320871989,0.0007755573590596517,0.0007434455553690592,0.0007623855272928874
8,13,uniform,8.624744097328321,0.5435093243871438,0.5430315058491251,0.5447891761918182,0.5559795181847712,0.5602208039021519,0.5135256178078536,0.19097511124502733,0.20459212483555847,0.19338833531467298,0.19496543808231892,0.20765902249646184,0.1983160063948079,0.1686268265348552,0.17969888141244073,0.16381527891071268,0.1743357158424257,0.1820401527122652,0.1737033710825399,0.5430315058491251,0.5447891761918182,0.5559795181847712,0.5602208039021519,0.5135256178078536,0.5435093243871438,0.5336897308409301,0.5354833331156714,0.546902438488378,0.5512304285134395,0.503580655991319,0.5341773173899476,1.4022390047709147e-06,0.0008896287282307944,1.6123056411743164e-06,1.343389352162679e-06,1.3886888821919758e-06,1.3087193171183268e-06,1.3580918312072754e-06,0.0008888701597849528,0.0008797065416971842,0.0008902176221211751,0.0008939731121063232,0.0008953762054443359
9,5,distance,8.312030515114532,0.5345121268865544,0.5048894032089379,0.5396881952830217,0.49729650308318507,0.5787466738645691,0.5519398589930578,0.19290338930657389,0.19307480834699764,0.19993347911697465,0.19067039063014865,0.20323501296888102,0.19596341607391518,0.18051377592362147,0.1818933427854776,0.18685517761970055,0.1724596980250222,0.17825408829750064,0.17999521653026448,0.5048894032089379,0.5396881952830217,0.49729650308318507,0.5787466738645691,0.5519398589930578,0.5345121268865544,0.4947678918605687,0.530278073210443,0.48701977060788393,0.570135021541528,0.5427801968259653,0.5249961908092777,1.3998150825500488e-06,0.0006787307262420655,1.5566746393839519e-06,1.326302687327067e-06,1.3603766759236654e-06,1.4349818229675293e-06,1.3207395871480307e-06,0.0006612332661946615,0.0006824914614359538,0.0007004570960998535,0.0006781550248463949,0.0006713167826334635
10,15,uniform,2.0,0.6119593916688799,0.5849035852637692,0.6382754245614338,0.5958769673706066,0.6245216425364536,0.6162193386121368,0.18049779406830918,0.17979740388586252,0.1869047009977984,0.18195985360496048,0.17957367541038602,0.18174668559346333,0.16086244097476457,0.15815304652703369,0.1646312917630298,0.16228174476182777,0.15988247673178974,0.1611622001516891,0.5849035852637692,0.6382754245614338,0.5958769673706066,0.6245216425364536,0.6162193386121368,0.6119593916688799,0.576417798250422,0.6308807143310031,0.5876155084412152,0.6168457647007423,0.608373737357189,0.6040267046161143,1.6398827234903968e-06,4.739761352539063e-05,3.2050410906473797e-06,1.2508034706115722e-06,1.2502074241638184e-06,1.2465318044026693e-06,1.2468298276265462e-06,4.9676895141601566e-05,4.7298669815063474e-05,4.724224408467611e-05,4.6842495600382486e-05,4.592776298522949e-05
11,3,uniform,2.0022686518905317,0.5710667491018422,0.48803996159763374,0.5888928936243891,0.5708404201041593,0.5812232959734663,0.6263371742095624,0.19697718951999804,0.19179769716157652,0.18104903469441655,0.18448890048745129,0.17686282476322918,0.18623512932533431,0.18278495569258021,0.16884895397541397,0.1738733763300488,0.1819215684725931,0.16415636985739518,0.17431704486560626,0.48803996159763374,0.5888928936243891,0.5708404201041593,0.5812232959734663,0.6263371742095624,0.5710667491018422,0.4775739982912822,0.5804886597632182,0.5620671407877196,0.5726622730632136,0.6186984111610355,0.5622980966132938,1.4026363690694173e-06,0.000995604117711385,1.5598535537719728e-06,1.3290842374165852e-06,1.4032920201619466e-06,1.3513366381327311e-06,1.3696153958638508e-06,0.0009969619909922281,0.0010020975271860758,0.0009907976786295574,0.0009852508703867594,0.0010029125213623048
12,15,uniform,9.999088799134741,0.5423965697762286,0.5668109010953947,0.5743725513444542,0.519017896004233,0.5158169798432899,0.5359645205937715,0.19232718168565952,0.1881072189102702,0.21834440068792668,0.20435967559174564,0.19457780312797046,0.1995432560007145,0.16243043632839171,0.16705533817004276,0.17467657641068282,0.1850830045175988,0.17520927985821855,0.17289092705698694,0.5668109010953947,0.5743725513444542,0.519017896004233,0.5158169798432899,0.5359645205937715,0.5423965697762286,0.5579552466033073,0.5656714791402522,0.5091852124472498,0.5059188601808018,0.5264782756996067,0.5330418148142436,1.3735890388488766e-06,0.0008997054100036621,1.5404820442199706e-06,1.3162692387898762e-06,1.3535221417744954e-06,1.3004740079243977e-06,1.3571977615356445e-06,0.0008889516194661458,0.0008948556582132975,0.000895766814549764,0.0009204737345377604,0.0008984792232513427
13,15,distance,2.016751028365767,0.6167108063932363,0.6257242958745224,0.5865142277665294,0.6385259359177264,0.6372862969370094,0.5955032754703935,0.17866326343018604,0.18054854577901372,0.17695153704305683,0.17330589527774856,0.1874407860919702,0.17938200552439507,0.15994005940202966,0.169178663926659,0.15879693260464395,0.15536298718724587,0.16480373846096993,0.16161647631630968,0.6257242958745224,0.5865142277665294,0.6385259359177264,0.6372862969370094,0.5955032754703935,0.6167108063932363,0.6180730037969998,0.5780613670053681,0.6311363468734551,0.62987136603964,0.5872341771835873,0.6088752521798101,1.3956427574157714e-06,0.0013275988101959229,1.5746553738911946e-06,1.3494491577148438e-06,1.3807415962219238e-06,1.362164815266927e-06,1.3112028439839682e-06,0.0013611702124277751,0.001323311726252238,0.001349556048711141,0.0013453574975331624,0.0012585985660552978
14,3,uniform,10.0,0.49570447034612525,0.475051041145097,0.5144215279578845,0.4799655953830235,0.500302307802598,0.5087818794420231,0.2052901467626889,0.2008968454918616,0.21272182864287567,0.1998907738140928,0.20311645004834655,0.20438320895197312,0.19270033751480795,0.1847155495413918,0.1906750496556877,0.18733309816662597,0.18123408289784154,0.18733162355527103,0.475051041145097,0.5144215279578845,0.4799655953830235,0.500302307802598,0.5087818794420231,0.49570447034612525,0.46431954624516714,0.5044948811699708,0.4693345683721143,0.49008702278323024,0.4987399417134103,0.4853951920567786,1.3574163118998208e-06,0.0005710246562957764,1.5545884768168132e-06,1.3067324956258137e-06,1.3013680775960286e-06,1.3250112533569336e-06,1.2993812561035157e-06,0.0005641106764475505,0.000573121706644694,0.0005719395478566488,0.0005621838569641113,0.0005837674935658773
15,15,distance,9.979608088938672,0.5413540805304611,0.5260481308104769,0.5617037648690256,0.4907961680619398,0.5481200335068637,0.5801023054039995,0.2065589815952383,0.18898181797755034,0.20204778613277247,0.20074924185752133,0.19444515783927396,0.1985565970804713,0.17524790097056983,0.16458430497392884,0.1880502925921654,0.17506560325427756,0.16872270997993125,0.1743341623541746,0.5260481308104769,0.5617037648690256,0.4907961680619398,0.5481200335068637,0.5801023054039995,0.5413540805304611,0.516359165852599,0.5527437055477791,0.48038654969182615,0.5388822829141591,0.5715183661618326,0.5319780140336391,1.3703505198160807e-06,0.0009090785980224609,1.5428662300109864e-06,1.311500867207845e-06,1.353323459625244e-06,1.298983891805013e-06,1.345078150431315e-06,0.0008844610055287679,0.0009190769990285238,0.0009012456734975179,0.000924290418624878,0.0009163188934326172
16,3,distance,2.061394106034167,0.5661022460367787,0.590352443323787,0.5747137976293994,0.5730803164396493,0.5352160917965142,0.5571485809945438,0.1820955974309187,0.17711953817340095,0.18895287729936092,0.19327029471386215,0.1920541775260664,0.18669849702872182,0.17350981110205937,0.16960137490278862,0.17505612170543106,0.1840757855103369,0.1827644842015288,0.17700151548442894,0.590352443323787,0.5747137976293994,0.5730803164396493,0.5352160917965142,0.5571485809945438,0.5661022460367787,0.5819780469351762,0.5660197014991657,0.5643528271675466,0.5257145468247223,0.5480954003675157,0.5572321045588253,1.4463265736897787e-06,0.000985554218292236,1.55717134475708e-06,1.3495484987894693e-06,1.4701485633850097e-06,1.3564030329386394e-06,1.4983614285786946e-06,0.0009444558620452881,0.001018928289413452,0.0009755082925160726,0.0010024861494700114,0.0009863924980163573
17,15,uniform,2.066318024395735,0.611069007472758,0.5873270545686553,0.6060309306492805,0.6096174052996647,0.6054509772057467,0.6469186696404428,0.18580980744713751,0.19191688305988533,0.18679628879169244,0.17124190008345921,0.17550136958563284,0.18225324979356147,0.17058684328836923,0.16991338895597433,0.15221638871123466,0.167422067609974,0.14564665102472618,0.16115706791805567,0.5873270545686553,0.6060309306492805,0.6096174052996647,0.6054509772057467,0.6469186696404428,0.611069007472758,0.5788908103690367,0.5979770484819744,0.6016368411831332,0.5973852390907024,0.6397006526654603,0.6031181183580614,1.3804833094278972e-06,0.0013193859259287516,1.5694896380106608e-06,1.3321638107299806e-06,1.3451774915059407e-06,1.3511379559834798e-06,1.304447650909424e-06,0.001337443192799886,0.001316318114598592,0.0013121998310089112,0.0013175475597381591,0.0013134209314982096
18,15,distance,9.997015383100752,0.5412289235957584,0.5079774428442613,0.5616023405240842,0.5941853129496724,0.5346621845590898,0.5077173371016843,0.20516990522209005,0.19077482204622237,0.19446763563148603,0.19600935627321606,0.20894404317533846,0.19907315246967058,0.18380487357951203,0.16768173653657426,0.15548879304881683,0.17535155048481424,0.18730647237090578,0.17392668520412463,0.5079774428442613,0.5616023405240842,0.5941853129496724,0.5346621845590898,0.5077173371016843,0.5412289235957584,0.4979190600744676,0.5526402077920383,0.5858892716471102,0.5251493161003318,0.49765363700836274,0.5318502985244622,1.3679265975952148e-06,0.0009012574354807536,1.5308459599812826e-06,1.3018647829691568e-06,1.351634661356608e-06,1.3025601704915364e-06,1.3527274131774903e-06,0.0008991738160451253,0.0008811338742574056,0.0008938785394032796,0.000916379690170288,0.0009157212575276693
19,3,uniform,9.95149603933277,0.4928733546267171,0.5152496118322394,0.5040639388707757,0.4855729169440639,0.5132819803934103,0.4461983250930961,0.19669752325880446,0.20422791989273256,0.20604056822057978,0.1986836043350082,0.20282995003987858,0.20169591314940072,0.18386656856560832,0.19132648221602813,0.18881705616228803,0.1923232814027676,0.19871073505348702,0.19100882468003583,0.5152496118322394,0.5040639388707757,0.4855729169440639,0.5132819803934103,0.4461983250930961,0.4928733546267171,0.5053398935051301,0.4939255526125973,0.47505652001617427,0.5033320379142296,0.4348769961341816,0.48250620003646255,1.3536810874938966e-06,0.0005548390547434489,1.538693904876709e-06,1.299579938252767e-06,1.300672690073649e-06,1.336336135864258e-06,1.2931227684020996e-06,0.0005546140670776367,0.0005450602372487387,0.0005681395530700683,0.0005691277980804443,0.0005372536182403565
20,13,distance,2.0,0.6164352887449482,0.6038746931619796,0.5950070376140407,0.6180122556370873,0.6291127953008444,0.6361696620107895,0.18276855878823597,0.18664721112114227,0.17902729273109125,0.1793473557078021,0.16945765230073515,0.17944961412980137,0.1648209952846071,0.16897233209224252,0.16057307570674506,0.15728307621764034,0.1593240918515405,0.16219471423055512,0.6038746931619796,0.5950070376140407,0.6180122556370873,0.6291127953008444,0.6361696620107895,0.6164352887449482,0.5957767311823268,0.5867277947713976,0.6102033068596513,0.6215307740804188,0.6287319038236165,0.6085941021434822,1.3513962427775064e-06,5.1499207814534504e-05,1.553495724995931e-06,1.294116179148356e-06,1.327494780222575e-06,1.2938181559244792e-06,1.2880563735961914e-06,6.971875826517741e-05,4.710952440897624e-05,4.7450860341389976e-05,4.677255948384603e-05,4.644433657328288e-05
21,9,distance,2.0,0.620169405069244,0.592958621620153,0.605402906950833,0.6516558354677471,0.6427599744321472,0.6080696868753399,0.18346354707712928,0.17621139661369223,0.1706568857135062,0.174890848033517,0.17983639382935943,0.17701181425344084,0.1646460656198382,0.16642938879905445,0.15465319354897747,0.15386150117912395,0.17444988716410578,0.16280800726221994,0.592958621620153,0.605402906950833,0.6516558354677471,0.6427599744321472,0.6080696868753399,0.620169405069244,0.5846375031524218,0.597336186138925,0.644534660042897,0.6354569415414926,0.6000574828591629,0.6124045547469799,1.3217926025390626e-06,4.4185479482014976e-05,1.4861424763997396e-06,1.2714664141337077e-06,1.2888511021931967e-06,1.281301180521647e-06,1.2812018394470215e-06,4.415154457092285e-05,4.4797261555989586e-05,4.371921221415202e-05,4.4347842534383136e-05,4.391153653462728e-05
22,15,distance,3.3439152467511946,0.5911606795450092,0.6048581858073122,0.5877885619243075,0.5910162356384747,0.5852184661315497,0.5869219482234018,0.1869113723365569,0.1890249831872275,0.18831746634391827,0.18785545287990768,0.18328793773481758,0.1870794424964856,0.16298323025990769,0.15881656602479244,0.16720396205683924,0.1701769857509936,0.1673016053526995,0.1652964698890465,0.6048581858073122,0.5877885619243075,0.5910162356384747,0.5852184661315497,0.5869219482234018,0.5911606795450092,0.5967803292991142,0.5793617522873258,0.5826554091097893,0.5767391162057893,0.5784774224630624,0.5828028058730161,1.3983249664306641e-06,0.001129938284556071,1.588265101114909e-06,1.377562681833903e-06,1.3187527656555176e-06,1.2900431950887045e-06,1.4170010884602865e-06,0.0011564679940541584,0.001137779951095581,0.0011094164848327636,0.001130273739496867,0.0011157532533009847
23,8,distance,2.0,0.6232611391373043,0.6805834469039618,0.5566182570104399,0.6299253569995386,0.6208206127713962,0.6283580220011855,0.1642671567625886,0.1920886370671032,0.18299117060687767,0.1696675960627072,0.1756111676299351,0.17692514562584236,0.14594675888889283,0.18525095848136325,0.15756101601038527,0.16303936666624463,0.15394409913678184,0.16114843983673358,0.6805834469039618,0.5566182570104399,0.6299253569995386,0.6208206127713962,0.6283580220011855,0.6232611391373043,0.6740536366192046,0.5475542350072462,0.6223599469211645,0.6130690750427025,0.6207605710029134,0.6155594929186462,1.3159712155659993e-06,4.3279091517130534e-05,1.3787547747294109e-06,1.2829899787902831e-06,1.309812068939209e-06,1.2896458307902018e-06,1.318653424580892e-06,4.1899681091308596e-05,4.334847132364909e-05,4.5169194539388024e-05,4.3495893478393555e-05,4.248221715291341e-05
24,8,distance,2.0,0.6221929937785712,0.6176853807468341,0.5976740562145367,0.670133314438923,0.6377280068574708,0.5877442106350912,0.17855113287550964,0.1860018299933348,0.1598080258518881,0.17697680294548435,0.18133469702993701,0.17653449773923077,0.16919437730341894,0.16777725430119908,0.15339182000480694,0.1511962725030594,0.1699443029729374,0.16230080541708436,0.6176853807468341,0.5976740562145367,0.670133314438923,0.6377280068574708,0.5877442106350912,0.6221929937785712,0.6098697496888477,0.5894493350468613,0.6633898728260901,0.6303221058051534,0.5793164943278017,0.6144695115389508,1.303394635518392e-06,4.3114741643269856e-05,1.3462702433268229e-06,1.2909372647603354e-06,1.3085206349690755e-06,1.2856721878051758e-06,1.28557284673055e-06,4.2192935943603515e-05,4.4000546137491864e-05,4.29995854695638e-05,4.293044408162435e-05,4.345019658406576e-05
25,15,distance,2.0,0.6208035471373647,0.5924309734030795,0.6387549918360627,0.6127387989838426,0.6057893454656501,0.6543036259981888,0.18737019526709667,0.17348692919572856,0.17541792935126016,0.1866498121528447,0.17138103168140428,0.1788611795296669,0.17244233054519104,0.15484068231845266,0.1610761994083509,0.16152302319196363,0.15325503534765372,0.1606274541623224,0.5924309734030795,0.6387549918360627,0.6127387989838426,0.6057893454656501,0.6543036259981888,0.6208035471373647,0.5840990682597011,0.631370085365931,0.6048220453003778,0.597730524589309,0.647236579170213,0.6130516605371065,1.327812671661377e-06,4.837322235107422e-05,1.3718008995056153e-06,1.351634661356608e-06,1.3148784637451171e-06,1.2970964113871257e-06,1.3036529223124186e-06,4.698713620503744e-05,4.851857821146647e-05,4.9125750859578454e-05,4.842797915140788e-05,4.880666732788086e-05
26,7,distance,2.0,0.6184683068901448,0.6085425620355271,0.6036401470816972,0.6240731829512642,0.6598300863753296,0.5962555560069056,0.18188457115065432,0.17958925355892735,0.18209835733309743,0.15857205003856142,0.1797071408182286,0.17637027457989382,0.16556625581880421,0.16845049874071436,0.15979696426273565,0.15420752236860044,0.17375745955606772,0.16435574014938448,0.6085425620355271,0.6036401470816972,0.6240731829512642,0.6598300863753296,0.5962555560069056,0.6184683068901448,0.6005400249732211,0.5955373902929073,0.6163881372875764,0.6528760165908389,0.588001836538563,0.6106686811366213,1.3037721316019695e-06,4.244089126586914e-05,1.3432900110880533e-06,1.3238191604614258e-06,1.286764939626058e-06,1.2859702110290527e-06,1.279016335805257e-06,4.227002461751302e-05,4.328171412150065e-05,4.1964054107666013e-05,4.2002995808919274e-05,4.2685667673746744e-05
27,15,distance,2.8893553677617394,0.5963590121909078,0.6112762076386828,0.6160142389834258,0.5701415553227132,0.5707502148815364,0.6136128441281812,0.17952580495011916,0.18575648166235367,0.19183859979497334,0.19196414363384978,0.17732307988196178,0.18528162198465153,0.16165435210763093,0.16424710590946356,0.16406059529108893,0.17426564421888333,0.15995876714057833,0.16483729293352903,0.6112762076386828,0.6160142389834258,0.5701415553227132,0.5707502148815364,0.6136128441281812,0.5963590121909078,0.603329554302506,0.6081644448910938,0.5613539891623598,0.5619750915060313,0.6057139584885529,0.5881074076701088,1.3735890388488768e-06,0.0012059067885080974,1.4183918635050456e-06,1.3683239618937175e-06,1.3091166814168295e-06,1.3298789660135905e-06,1.4422337214152017e-06,0.0012053946654001872,0.0011741185188293456,0.0012222663561503092,0.001221315860748291,0.0012064385414123535
28,15,uniform,3.9729419622709363,0.5723196849087584,0.5706409307176956,0.5595715042679767,0.5834149675036273,0.5743640993357887,0.5736069227187037,0.1872580486604962,0.18601450654808996,0.19511549471268472,0.19292672730674887,0.19919742792933381,0.19210244103147073,0.16485580642014822,0.17138012753049925,0.16585022173715366,0.16717853651205536,0.17061885086860157,0.16797670861369163,0.5706409307176956,0.5595715042679767,0.5834149675036273,0.5743640993357887,0.5736069227187037,0.5723196849087584,0.5618635732536621,0.5505678552921943,0.5748987487813846,0.565662854347764,0.5648901988219821,0.5635766460993974,1.420140266418457e-06,0.0010579039255777995,1.8153587977091472e-06,1.3383229573567708e-06,1.3002753257751466e-06,1.2925267219543456e-06,1.354217529296875e-06,0.0010721369584401447,0.0010551285743713378,0.0010561863581339517,0.001050562858581543,0.00105550487836202
29,15,distance,3.377894747523267,0.589971108948799,0.5375373637836809,0.5923625627237875,0.6444282315235809,0.6072827699924481,0.5682446167204976,0.19007986104120136,0.190938729407398,0.17593870198489994,0.1854843105310718,0.1892187713848759,0.1863320748698894,0.17829377208530817,0.1663604000818957,0.15323278413788546,0.16200364669431838,0.17059163591509727,0.16609644778290097,0.5375373637836809,0.5923625627237875,0.6444282315235809,0.6072827699924481,0.5682446167204976,0.589971108948799,0.5280832724129896,0.5840292590656708,0.6371593026961242,0.5992544790893977,0.5594182715767941,0.5815889169681953,1.4070669809977213e-06,0.001119202693303426,1.719991366068522e-06,1.343389352162679e-06,1.29471222559611e-06,1.289347807566325e-06,1.3878941535949707e-06,0.0011196279525756837,0.0011473468939463298,0.0011182630062103272,0.0010945407549540203,0.0011162348588307698
30,11,distance,2.0,0.6205485871816206,0.6052295924295594,0.6407223828960886,0.606500158773412,0.6523140511719516,0.5979767506370914,0.183535042198855,0.17617166133374632,0.17561826776332917,0.17462969628391872,0.18183143600412008,0.17835722071679386,0.1746649609410336,0.15099541553401252,0.1622619863345292,0.15690916943165295,0.1611032500869422,0.16118695646563408,0.6052295924295594,0.6407223828960886,0.606500158773412,0.6523140511719516,0.5979767506370914,0.6205485871816206,0.5971593285609984,0.6333776956639814,0.5984558690038736,0.6452063316047684,0.589758217430354,0.6127914884527952,1.3535221417744954e-06,4.6469449996948245e-05,1.5928347905476888e-06,1.3128916422526042e-06,1.2937188148498534e-06,1.2846787770589193e-06,1.2834866841634116e-06,4.815220832824707e-05,4.542668660481771e-05,4.630804061889648e-05,4.567861557006836e-05,4.678169886271159e-05
31,9,uniform,2.0,0.6168746037001303,0.5827517401581751,0.6183035245254623,0.6155278820506989,0.6420035113032165,0.6257863604630981,0.18669445895369174,0.16866670372988868,0.18878574036253595,0.17354312271829575,0.1757629973522807,0.17869060462333858,0.17228467672876666,0.16133795544128549,0.16467909364306546,0.1585239077841906,0.15656696512365223,0.16267851974419206,0.5827517401581751,0.6183035245254623,0.6155278820506989,0.6420035113032165,0.6257863604630981,0.6168746037001303,0.5742219631256336,0.6105005301375672,0.6076681453975615,0.6346850140896536,0.6181363371676247,0.6090423979836082,1.5396674474080404e-06,4.4356505076090496e-05,2.5528669357299804e-06,1.3045469919840495e-06,1.2831886609395345e-06,1.279910405476888e-06,1.2778242429097493e-06,4.480600357055664e-05,4.4484138488769534e-05,4.4261614481608075e-05,4.359682401021321e-05,4.4633944829305015e-05
32,15,distance,4.247608435157064,0.5764780197536993,0.5608535172809261,0.5774291198800672,0.5732914565175845,0.5902467920590998,0.580569213030819,0.1879621614336096,0.18073271816005865,0.19430780740144077,0.19277734855898732,0.19421776770025675,0.18999956065087062,0.17316948675084365,0.17238429272692868,0.17705165139945342,0.1578513235159367,0.16315024813063558,0.16872140050475962,0.5608535172809261,0.5774291198800672,0.5732914565175845,0.5902467920590998,0.580569213030819,0.5764780197536993,0.5518760764076232,0.5687905328929476,0.5645682835673478,0.5818702358490644,0.5719948187486552,0.5678199894931276,1.4823277791341144e-06,0.0010406951109568278,1.986722151438395e-06,1.3785560925801595e-06,1.30156675974528e-06,1.3628602027893065e-06,1.3819336891174316e-06,0.0010493206977844238,0.0010631811618804932,0.0010267802079518636,0.001034689744313558,0.0010295037428538004
33,9,distance,6.814182313109233,0.5690268989961578,0.5443264828676595,0.593149142080234,0.590822181987968,0.5643884564821557,0.5524482315627719,0.1967439091953613,0.1824985699037901,0.18616876019104867,0.19044319361165118,0.1969731393263251,0.19056551444563527,0.17748459659322585,0.15922532281558857,0.17334283833963568,0.1716147835210777,0.17459608715953548,0.17125272568581268,0.5443264828676595,0.593149142080234,0.590822181987968,0.5643884564821557,0.5524482315627719,0.5690268989961578,0.5350111809842044,0.584831918408961,0.5824573884340594,0.5554832801240397,0.5432989620206139,0.5602165459943756,1.4151533444722492e-06,0.00082121475537618,1.8656253814697266e-06,1.3451774915059407e-06,1.29928191502889e-06,1.2858708699544271e-06,1.2798110644022624e-06,0.000848772923151652,0.0008284445603688558,0.0008025236924489339,0.0008095367749532063,0.0008167958259582519
34,8,distance,5.9412693959814735,0.5760769472651937,0.6165014608504845,0.579490350331745,0.5734154530862545,0.5577486794804609,0.5532287925770232,0.18992263335619206,0.18340537137515922,0.1858284652410023,0.19360042435785277,0.19044983142900004,0.18864134515184128,0.1664544508153969,0.17034027885904243,0.16783658260207326,0.17298103912817728,0.17256100701226149,0.1700346716833903,0.6165014608504845,0.579490350331745,0.5734154530862545,0.5577486794804609,0.5532287925770232,0.5760769472651937,0.6086616270007499,0.570893900934779,0.5646948149892104,0.5487077666248656,0.54409547998916,0.5674107179077529,1.574973265329997e-06,0.0008080274264017741,2.615948518117269e-06,1.3428926467895508e-06,1.3009707132975261e-06,1.296699047088623e-06,1.318355401357015e-06,0.000810168186823527,0.0008134623368581136,0.000808631976445516,0.0007959707578023275,0.0008119038740793863
35,8,uniform,6.985976350750679,0.5552937954617612,0.5668102067907176,0.5496812440464652,0.5519297009502231,0.5414921887353535,0.5665556367860464,0.18993683726483057,0.18723981537299433,0.1969743349784175,0.19683338852258578,0.1945084209319374,0.19309855941415313,0.17356860004003818,0.1703660305020182,0.17433528188106875,0.17946162246446,0.1757345587224386,0.17469321872200477,0.5668102067907176,0.5496812440464652,0.5519297009502231,0.5414921887353535,0.5665556367860464,0.5552937954617612,0.5579545381050082,0.5404754091717763,0.5427698311229704,0.5321189455749178,0.5576947639435124,0.5462026975836369,1.4997124671936036e-06,0.0007985450426737466,2.183119455973307e-06,1.3936559359232585e-06,1.3119975725809733e-06,1.295010248819987e-06,1.3147791226704916e-06,0.0008212856451670329,0.0007910259564717611,0.0007898338635762532,0.0008112506071726481,0.0007793291409810384
36,8,distance,3.722180115935185,0.5907790070104467,0.5415091390249535,0.6343687811656138,0.5701688543522252,0.6102300139406869,0.5976182465687545,0.19471156493432834,0.1745025710446329,0.18971005972451854,0.18148289507905016,0.18203724194250667,0.18448886654500735,0.180399842797155,0.15859593419473794,0.17601872825347414,0.16283671108157363,0.16233078750826999,0.16803640076704215,0.5415091390249535,0.6343687811656138,0.5701688543522252,0.6102300139406869,0.5976182465687545,0.5907790070104467,0.5321362423781041,0.6268942076971085,0.5613818462640254,0.6022619733398151,0.5893923844883884,0.5824133308334883,1.4153520266215005e-06,0.0009407413800557455,1.5804171562194825e-06,1.4086564381917317e-06,1.3750791549682617e-06,1.3003746668497721e-06,1.412232716878255e-06,0.0009645624955495199,0.0009669009844462076,0.0009201447168986003,0.0009159644444783529,0.0009361342589060466
37,8,uniform,5.4407877719083695,0.5665736244730114,0.5465642983549823,0.5909667569766428,0.5429866068571398,0.5952881254968055,0.5570623346794863,0.20274261089374845,0.1825086170409106,0.193731247097466,0.18817564527269123,0.18988927008184267,0.1914094780773318,0.17907642090809803,0.16294951133927316,0.17314711172483072,0.16777732222566194,0.17516802171762264,0.17162367758309732,0.5465642983549823,0.5909667569766428,0.5429866068571398,0.5952881254968055,0.5570623346794863,0.5665736244730114,0.5372947439772306,0.5826049189591296,0.5336439139819877,0.5870146289141167,0.5480073909250636,0.5577131193515057,1.5861193339029946e-06,0.0008360975583394369,2.6197234789530437e-06,1.3705094655354817e-06,1.3235211372375487e-06,1.327693462371826e-06,1.2891491254170736e-06,0.0008564901351928711,0.0008182879288991293,0.0008388801415761312,0.000848395824432373,0.0008184337615966797
38,6,uniform,2.0,0.6100252746181996,0.6152472641319797,0.6370167295142332,0.6100661793000893,0.6061942170646708,0.5816019830800243,0.17632086611014175,0.17800259972018195,0.17745436817600468,0.1815853669730986,0.18364542143797963,0.1794017244834813,0.16247389708058999,0.1635670603785787,0.1677747506210042,0.1607109530100653,0.16992580982547012,0.16489049418314167,0.6152472641319797,0.6370167295142332,0.6100661793000893,0.6061942170646708,0.5816019830800243,0.6100252746181996,0.6073817908263301,0.6295962878688683,0.6020947894391031,0.5981436729501496,0.5730487016438408,0.6020530485456584,1.5448133150736492e-06,4.186542828877767e-05,2.556641896565755e-06,1.291036605834961e-06,1.2851754824320476e-06,1.2850761413574218e-06,1.30613644917806e-06,4.407842953999837e-05,4.070838292439779e-05,4.163662592569987e-05,4.110932350158692e-05,4.179437955220541e-05
39,8,distance,6.256361060137892,0.56552225585327,0.5686822445545705,0.5660087533723517,0.5807467514430548,0.5571743620630047,0.5549991678333682,0.18459365354334673,0.19403386484995802,0.19868529371889584,0.19070402428558098,0.18705729838508475,0.1910148269565733,0.16629859075453945,0.1724663467657414,0.17730273482556425,0.17268870176750742,0.17267508176268517,0.17228629117520752,0.5686822445545705,0.5660087533723517,0.5807467514430548,0.5571743620630047,0.5549991678333682,0.56552225585327,0.559864845806112,0.5571367006303896,0.5721759865662518,0.5481217084765586,0.5459020469032156,0.5566402576765055,1.6855994860331216e-06,0.0008097957770029704,2.9830137888590495e-06,1.402596632639567e-06,1.4725327491760253e-06,1.2920300165812174e-06,1.2778242429097493e-06,0.0008424770832061768,0.0008191907405853271,0.0007928951581319173,0.0007914193471272787,0.000802996555964152
40,10,distance,2.015660296287245,0.6146962199467385,0.5776764504631737,0.6182446756179995,0.6524265911541769,0.608263083815026,0.6168702986833163,0.18077807836708962,0.17505535765026575,0.1702311356349816,0.186520519755904,0.18169474409309938,0.17885596710026808,0.1677092601080353,0.16384794605865582,0.14990151626728695,0.16523230077077147,0.17043040276884647,0.16342428519471922,0.5776764504631737,0.6182446756179995,0.6524265911541769,0.608263083815026,0.6168702986833163,0.6146962199467385,0.5690429196378894,0.6104404781859994,0.6453211722339898,0.6002548333989788,0.6090380049596362,0.6068194816832987,1.3802846272786459e-06,0.001259264310201009,1.5675028165181477e-06,1.33514404296875e-06,1.313487688700358e-06,1.3208389282226563e-06,1.364449659983317e-06,0.0012577148278554281,0.001249840259552002,0.0012595824400583903,0.0012382205327351888,0.0012909634908040365
41,9,distance,2.0,0.6196592433415813,0.6027642139881748,0.6217524349651319,0.6502568127445505,0.6335165863489762,0.5900061686610729,0.17911764602100091,0.17419187570375827,0.16751216185939272,0.17773908816879383,0.18693668381046474,0.1770994911126821,0.1653241859988345,0.1655940344735938,0.1470338866882381,0.16607459425471516,0.17192442276371825,0.16319022483581996,0.6027642139881748,0.6217524349651319,0.6502568127445505,0.6335165863489762,0.5900061686610729,0.6196592433415813,0.5946435505603351,0.6140199464124599,0.6431070371958871,0.6260245915213574,0.5816246934037184,0.6118839638187514,1.26953919728597e-06,4.2980591456095375e-05,1.334051291147868e-06,1.2646118799845377e-06,1.2623270352681479e-06,1.242359479268392e-06,1.2443463007609049e-06,4.29995854695638e-05,4.322608311971029e-05,4.322171211242676e-05,4.2995214462280275e-05,4.246036211649577e-05
42,13,distance,2.008023051824863,0.6157156982170907,0.6264511823687526,0.5983802586978452,0.6055518823770664,0.6307533065811459,0.6174418610606438,0.17642603084458158,0.184505201508823,0.18255784350941676,0.1754685435449646,0.1779669813803551,0.17938492015762822,0.15980109323338484,0.17190573308958446,0.16591606179847845,0.15850337442502604,0.15611641595999343,0.16244853570129347,0.6264511823687526,0.5983802586978452,0.6055518823770664,0.6307533065811459,0.6174418610606438,0.6157156982170907,0.618814749981061,0.5901699743782101,0.5974882070593914,0.6232048222182391,0.6096212517467217,0.6078598010767247,1.369158426920573e-06,0.00131234868367513,1.3682246208190917e-06,1.3352433840433757e-06,1.3921658198038736e-06,1.3512372970581056e-06,1.398921012878418e-06,0.0012917176882425944,0.0013271443049112956,0.0013043109575907388,0.0012984037399291991,0.001340166727701823
43,13,distance,2.006750965459199,0.6199331611781705,0.6157479150682146,0.6192836315550925,0.6099311140418343,0.6311180690608784,0.6235850761648329,0.18213793266676617,0.181053661614695,0.1829876105122652,0.1784680206394478,0.16890713504226715,0.17871087209508826,0.16366112229507632,0.16844893869442107,0.1657715063599382,0.15301232570005527,0.15389163863154537,0.16095710633620725,0.6157479150682146,0.6192836315550925,0.6099311140418343,0.6311180690608784,0.6235850761648329,0.6199331611781705,0.6078926765346857,0.6115006734267469,0.6019569630512074,0.6235770415118673,0.6158900521682027,0.6121634813385419,1.4130473136901856e-06,0.0013255604108174642,1.753369967142741e-06,1.3337532679239908e-06,1.3063351313273113e-06,1.3050436973571777e-06,1.366734504699707e-06,0.0013287595907847086,0.0013122928142547607,0.0013396100203196207,0.0013318514823913573,0.0013152881463368734
44,10,distance,2.00220597020866,0.6190527129739187,0.6107231319965343,0.6388591949987892,0.6272069297703067,0.6152499118614411,0.6032243962425228,0.18133860388494932,0.17250556842827336,0.18043100184170474,0.1751237004696694,0.1764389766331229,0.17716757025154395,0.1590816209731129,0.1601730853961056,0.16561460534669523,0.15954669240320002,0.17025524125875366,0.1629342490755735,0.6107231319965343,0.6388591949987892,0.6272069297703067,0.6152499118614411,0.6032243962425228,0.6190527129739187,0.6027651721736355,0.631476418746635,0.6195859470739586,0.60738449268314,0.5951131402883665,0.611265034193147,1.4261404673258463e-06,0.0012651936213175455,1.8043319384257e-06,1.3418992360432942e-06,1.3042489687601726e-06,1.3213356335957845e-06,1.3588865598042805e-06,0.001274414857228597,0.0012626596291859945,0.0012494385242462157,0.0012756184736887615,0.0012638366222381592
45,12,distance,2.0009787208401946,0.613403575055468,0.6186993766580642,0.6574844479669546,0.5840800202136375,0.5927801566961926,0.6139738737424916,0.17708550585297905,0.17599043195535194,0.1858134809305704,0.17610657112201025,0.18062678690349543,0.1791245553528814,0.163271441772106,0.15447421941739722,0.176417816743896,0.16466193175607355,0.15774395184333653,0.16331387230656186,0.6186993766580642,0.6574844479669546,0.5840800202136375,0.5927801566961926,0.6139738737424916,0.613403575055468,0.6109044746476668,0.6504824264603165,0.5755773971174938,0.584455389882486,0.6060823686060519,0.605500411342803,1.5637874603271485e-06,0.0013117589950561522,2.3510058720906577e-06,1.3654430707295737e-06,1.372198263804118e-06,1.3231237729390463e-06,1.407166322072347e-06,0.0013100576400756835,0.00131492018699646,0.0013079055150349934,0.0013274486859639486,0.0012984629472096762
46,9,uniform,2.00230744850752,0.6185689077854609,0.6109700019980624,0.6423178867854813,0.6134565261545867,0.6132108721326723,0.6128892518565019,0.17623138382709624,0.16653782453281432,0.18332885745004734,0.1710061939261488,0.18841814927286077,0.1771044818017935,0.16458278144227773,0.16175179211146157,0.16911323655942412,0.16376023433058032,0.15859902416859245,0.16356141372246724,0.6109700019980624,0.6423178867854813,0.6134565261545867,0.6132108721326723,0.6128892518565019,0.6185689077854609,0.6030170889213617,0.6350058163279443,0.6055544449175425,0.6053037690076162,0.6049755738706042,0.6107713386090138,1.4534393946329753e-06,0.0012428144613901774,1.9551316897074383e-06,1.3316671053568521e-06,1.3126929601033529e-06,1.3312697410583497e-06,1.3364354769388835e-06,0.00126066525777181,0.0012354850769042969,0.0012540908654530842,0.0012206379572550455,0.0012431931495666504
47,9,distance,2.0,0.6107188730918014,0.5931209846578213,0.620865920481005,0.6427669709918056,0.6062341756562137,0.5906063136721613,0.18872821482216118,0.18345210126602127,0.17083661411350376,0.18058590018231682,0.17390274213089862,0.17950111450298034,0.16874240074067515,0.1622633118596922,0.15965065855834193,0.16584870048880537,0.16601455127430234,0.16450392458436341,0.5931209846578213,0.620865920481005,0.6427669709918056,0.6062341756562137,0.5906063136721613,0.6107188730918014,0.5848031853663287,0.6131153089746542,0.6354640811313315,0.5981844484123885,0.5822371071373502,0.6027608262044106,1.3422568639119465e-06,4.3833414713541664e-05,1.6736984252929686e-06,1.298983891805013e-06,1.246333122253418e-06,1.2490153312683104e-06,1.2432535489400228e-06,4.5360724131266275e-05,4.437088966369629e-05,4.3616692225138345e-05,4.247466723124186e-05,4.334410031636556e-05
48,9,distance,2.0,0.6272476113766413,0.6251807195011849,0.635377260100709,0.6340637057406389,0.61146120274453,0.6301551687961441,0.17964125158832778,0.16535044538484803,0.17611597989060343,0.18454397946833756,0.1725849830696058,0.1756473278803445,0.15519476322760653,0.15292944030861694,0.1658435605196844,0.1671572116031056,0.16462782472442472,0.16115056007668765,0.6251807195011849,0.635377260100709,0.6340637057406389,0.61146120274453,0.6301551687961441,0.6272476113766413,0.6175183151298292,0.627923302896635,0.6265828956365292,0.6035183312503807,0.6225944567442765,0.6196274603315302,1.340627670288086e-06,4.3527046839396164e-05,1.6776720682779949e-06,1.2835860252380371e-06,1.2489159901936849e-06,1.2453397115071615e-06,1.2476245562235515e-06,4.55323855082194e-05,4.333019256591797e-05,4.331390062967936e-05,4.318753878275554e-05,4.227121671040853e-05
49,9,distance,2.0,0.6179002814452448,0.6341076908856625,0.5896422698725746,0.6316983145621141,0.5972971733843768,0.6367559585214957,0.17896271269687702,0.18144070312777358,0.1699090074537952,0.1823950682954235,0.17658701460887913,0.1778589012365497,0.15936222855213492,0.169781833174009,0.16130852822568992,0.16643623681754957,0.15870759346779473,0.16311928404743564,0.6341076908856625,0.5896422698725746,0.6316983145621141,0.5972971733843768,0.6367559585214957,0.6179002814452448,0.6266277799668005,0.581253355457704,0.6241691489313566,0.5890647476273283,0.6293301859529403,0.6100890435872259,1.4339288075764973e-06,4.321082433064778e-05,2.1146734555562336e-06,1.3139843940734864e-06,1.2484192848205567e-06,1.244048277537028e-06,1.2485186258951822e-06,4.381497701009115e-05,4.374027252197266e-05,4.3336153030395505e-05,4.18547789255778e-05,4.3307940165201825e-05
50,11,uniform,2.0039909468510926,0.6118523133908537,0.6252215978196817,0.5799869022442465,0.6144191412979647,0.6357894753955665,0.6038444501968089,0.18783786332453908,0.1839261015969429,0.1756811344430826,0.17202711084767378,0.17954262363648796,0.17980296676974525,0.16352373331410225,0.1745494390084146,0.16525212694189992,0.15821501530039103,0.1565974334469882,0.1636275496023592,0.6252215978196817,0.5799869022442465,0.6144191412979647,0.6357894753955665,0.6038444501968089,0.6118523133908537,0.6175600291209358,0.5714006038233452,0.6065367387350611,0.6283439450799733,0.5957458699623315,0.6039174373443293,1.5345613161722822e-06,0.0012904263337453208,2.320607503255208e-06,1.3364354769388835e-06,1.3719002405802408e-06,1.3070305188496908e-06,1.3368328412373861e-06,0.001310259501139323,0.0012587114175160725,0.001277148723602295,0.0012877261638641357,0.001318285862604777
51,8,uniform,2.021451239605355,0.603335133865852,0.6373433576525807,0.5781561480600266,0.6142914634846139,0.5984958390722805,0.5883888610597583,0.1681305076067785,0.1896549219676949,0.18163613595971378,0.17971732257845,0.18449703777373497,0.18072718517727443,0.1510801053770196,0.17295820655691618,0.16748770294723353,0.16810075983349884,0.17383802255541342,0.1666929594540163,0.6373433576525807,0.5781561480600266,0.6142914634846139,0.5984958390722805,0.5883888610597583,0.603335133865852,0.6299295932434341,0.5695324236592094,0.6064064508130899,0.5902879175541671,0.5799743232960737,0.5952261417131949,1.4883478482564292e-06,0.0012113617261250815,2.097586790720622e-06,1.335442066192627e-06,1.3636549313863119e-06,1.3039509455362955e-06,1.341104507446289e-06,0.001220088005065918,0.001253514289855957,0.0011987682183583577,0.0011936342716217041,0.00119080384572347
52,13,uniform,2.0237467264719404,0.6158850138495576,0.5961472055638901,0.6179355657513801,0.6268479103696092,0.6387432918902674,0.5997510956726413,0.1845534350819635,0.18108441814716514,0.17803534647261712,0.1718326342886418,0.18964117154421528,0.1810294011069206,0.16486822093095904,0.15542683609673177,0.15767557485793984,0.15189280387710982,0.1737035578961373,0.16071339873177554,0.5961472055638901,0.6179355657513801,0.6268479103696092,0.6387432918902674,0.5997510956726413,0.6158850138495576,0.5878912710950088,0.6101250492079671,0.6192195882647289,0.631358146238961,0.5915688352775335,0.6080325780168399,1.5403230985005698e-06,0.0013189539909362793,2.035101254781087e-06,1.53044859568278e-06,1.364449659983317e-06,1.3694167137145997e-06,1.4021992683410644e-06,0.001315390666325887,0.001311650276184082,0.0013265709082285564,0.0013105599085489908,0.0013305981953938802
53,12,distance,2.000519733767028,0.6229417842299452,0.6016967266184168,0.6459040061474091,0.6353221249845115,0.6099778194873847,0.6218082439120041,0.18683496750171447,0.17713537358586048,0.1705263027735722,0.18000324980369609,0.17307205731015946,0.17751439019500054,0.1659719642961981,0.15708135759357808,0.1580773340757159,0.16376089768378033,0.159223580145351,0.16082302675892468,0.6016967266184168,0.6459040061474091,0.6353221249845115,0.6099778194873847,0.6218082439120041,0.6229417842299452,0.5935542406208376,0.6386652464775093,0.627867040657108,0.602004623292919,0.614076896257735,0.6152336094612217,1.4852086702982586e-06,0.0013002465565999349,2.0813941955566407e-06,1.4039874076843262e-06,1.2959043184916179e-06,1.30156675974528e-06,1.3431906700134277e-06,0.0013216233253479004,0.0012995580832163493,0.0012837366263071697,0.0013004453976949056,0.0012958693504333497
54,11,uniform,2.0010618697797753,0.6116139364664905,0.5724561144971649,0.6040606841276602,0.6253714820225844,0.6265804936671662,0.6296009080178768,0.18747365096871565,0.18510014483150009,0.17512048078603348,0.17735143920870328,0.18209520222016906,0.18142818360302432,0.17413815759253048,0.1666113938390404,0.15870040679646188,0.15829511249354392,0.15288017865235762,0.16212504987478685,0.5724561144971649,0.6040606841276602,0.6253714820225844,0.6265804936671662,0.6296009080178768,0.6116139364664905,0.5637158647083507,0.5959665243483279,0.6177129773961296,0.6189467047813161,0.6220288652516324,0.6036741872971513,1.6401012738545737e-06,0.0012879152297973634,2.513428529103597e-06,1.6077359517415364e-06,1.3001759847005208e-06,1.375277837117513e-06,1.4038880666097006e-06,0.0012926570574442547,0.0012744728724161784,0.0013146519660949707,0.0012861029307047525,0.00127169132232666
55,8,uniform,2.0006070303121373,0.6130684419521475,0.6211531946524871,0.6255543009306281,0.6120198041476104,0.6162607749961205,0.5903541350338912,0.1765439086687263,0.1725196427925034,0.18154445084033938,0.18106322341603456,0.18632412779658747,0.17959907070283823,0.15636323103627978,0.166401880788095,0.1640279363467438,0.16458763656198644,0.16631342736727092,0.16353882242007517,0.6211531946524871,0.6255543009306281,0.6120198041476104,0.6162607749961205,0.5903541350338912,0.6130684419521475,0.6134084558719587,0.617899533658341,0.6040883521029278,0.6084160208222763,0.5819797732287919,0.6051584271368592,1.5558799107869467e-06,0.0012074795564015709,2.2978583971659344e-06,1.345972220102946e-06,1.3993183771769206e-06,1.3879934946695963e-06,1.348257064819336e-06,0.0012144668896993001,0.0012234155337015789,0.0011914082368214925,0.0012089335918426514,0.0011991735299428305
56,11,distance,9.98495024660477,0.5557887323105858,0.5321653124987384,0.5596058470875149,0.568078968954439,0.5788179459965639,0.5402755870156728,0.19731770308335897,0.1884417636063044,0.18803668396887238,0.2058382613945723,0.1960023605876249,0.19512735452814658,0.18332047210077315,0.17370753190750962,0.16619011038405634,0.16357595637360883,0.17299290026370942,0.17195739420593145,0.5321653124987384,0.5596058470875149,0.568078968954439,0.5788179459965639,0.5402755870156728,0.5557887323105858,0.5226014006588489,0.5506029001795936,0.5592492374850238,0.570207750684739,0.5308774729512573,0.5467077523918924,1.5473564465840658e-06,0.0008300564289093017,2.4404128392537436e-06,1.3486544291178385e-06,1.3605753580729167e-06,1.2883543968200683e-06,1.2987852096557617e-06,0.0008258835474650065,0.0008489374319712321,0.0008347598711649577,0.0008244593938191732,0.0008162419001261393
57,11,uniform,9.994791069943465,0.5441892280850829,0.5426047648703998,0.5816249222712253,0.5167841917310027,0.5148824140192177,0.565049847533569,0.20190840658462494,0.18006490157164948,0.20408408762067057,0.2013115123038514,0.20145448248915807,0.19776467811399087,0.17543416990823857,0.16565815787154115,0.179746586977945,0.18123708613669026,0.16851527925745255,0.1741182560303735,0.5426047648703998,0.5816249222712253,0.5167841917310027,0.5148824140192177,0.565049847533569,0.5441892280850829,0.533254266026183,0.5730721097793253,0.5069058447135785,0.5049651890928645,0.556158191946521,0.5348711203116944,1.6456842422485353e-06,0.000834689458211263,2.9248992602030435e-06,1.4045834541320802e-06,1.3118982315063477e-06,1.297295093536377e-06,1.2897451718648274e-06,0.0008299243450164795,0.0008518608411153157,0.0008218582471211752,0.0008275059858957926,0.0008422978719075521
58,12,distance,10.0,0.5525561753705797,0.5520611199766853,0.5816195236641127,0.5414751988809101,0.5309856464069593,0.5566393879242311,0.20194838584385566,0.18659535594617557,0.20557985013929458,0.19583243419480062,0.188468229532775,0.1956848511313803,0.17032266433985813,0.16296363765667496,0.18107725874676053,0.17706866068776814,0.17317219591907856,0.17292088347002807,0.5520611199766853,0.5816195236641127,0.5414751988809101,0.5309856464069593,0.5566393879242311,0.5525561753705797,0.5429039367394113,0.5730666008088646,0.5321016083980667,0.5213976187355513,0.547575797898832,0.5434091125161452,1.444995403289795e-06,0.0008712972005208333,1.8607576688130697e-06,1.38014554977417e-06,1.3159712155659993e-06,1.374979813893636e-06,1.2931227684020996e-06,0.0008752755324045817,0.0008595248063405354,0.0008585683504740397,0.0008719786008199056,0.0008911387125651041
59,11,distance,9.990813592443558,0.5578886257621771,0.5669915417735535,0.5529463204142019,0.5678096254538658,0.563226070628175,0.5384695705410896,0.1969171117234221,0.19853814692831515,0.1882701278934843,0.19635415947565618,0.19577392700287088,0.19517069460474973,0.17235707263660538,0.1716583004961886,0.1639116563007642,0.16693760842259517,0.17995221987067317,0.17096337154536528,0.5669915417735535,0.5529463204142019,0.5678096254538658,0.563226070628175,0.5384695705410896,0.5578886257621771,0.5581395801062325,0.5438072332676438,0.5589743878140812,0.5542971316972347,0.5290345362080284,0.5488505738186442,1.5209515889485677e-06,0.0008342831134796142,2.2440155347188314e-06,1.4141201972961427e-06,1.334051291147868e-06,1.3001759847005208e-06,1.312394936879476e-06,0.000851449966430664,0.000837019681930542,0.0008296410242716472,0.0008296255270640056,0.0008236793677012126
60,8,distance,2.0,0.6143074909227227,0.6181815384647695,0.573928142757988,0.6413401061360047,0.6097485289947535,0.6283391382600982,0.18100123126357254,0.18163957007561096,0.16847117132780942,0.18326003406220243,0.17555200157215906,0.1779848016602709,0.16523031096656357,0.16944002890457885,0.15620791712782986,0.1635603236465475,0.16507816460839012,0.16390334905078197,0.6181815384647695,0.573928142757988,0.6413401061360047,0.6097485289947535,0.6283391382600982,0.6143074909227227,0.6103760503243559,0.5652179855400934,0.6340080469769451,0.6017706454307621,0.620741301222826,0.6064228058989964,1.6379555066426596e-06,4.3935855229695634e-05,3.098746140797933e-06,1.2825926144917807e-06,1.2499094009399413e-06,1.256863276163737e-06,1.3016661008199057e-06,4.7406752904256186e-05,4.2093594868977867e-05,4.254698753356934e-05,4.5029322306315106e-05,4.26026185353597e-05
61,6,distance,2.018050669677912,0.606095891703335,0.5696607042282067,0.6420519010441095,0.6050701715571019,0.60272044520986,0.610976236477397,0.18630741577384893,0.17299290185386848,0.18452462213492152,0.18620232338143738,0.17289304881858372,0.180584062392532,0.17287246715140275,0.1564028203504198,0.16243182864446684,0.16921979979343355,0.166590180159005,0.1655034192197456,0.5696607042282067,0.6420519010441095,0.6050701715571019,0.60272044520986,0.610976236477397,0.606095891703335,0.560863308062514,0.6347343930586398,0.5969966486587803,0.5945988870199423,0.6030234508517219,0.5980433375303197,1.5543301900227864e-06,0.0011520429452260336,2.1590789159139e-06,1.5273690223693848e-06,1.3323624928792317e-06,1.3932585716247559e-06,1.35958194732666e-06,0.0011513598759969076,0.0011769906679789225,0.0011401744683583578,0.0011616206169128417,0.001130069096883138
62,6,distance,2.002503342546124,0.6166055696651911,0.6474213647583935,0.6387868359014731,0.5763631781703302,0.6203022397463946,0.6001542297493642,0.17647076720892224,0.16907873151773004,0.18175155389906247,0.17781844991535833,0.18299627665411985,0.1776231558390386,0.1565542898103052,0.1594949612143265,0.1704372582027443,0.15985466069004123,0.17177198312864908,0.16362263060921325,0.6474213647583935,0.6387868359014731,0.5763631781703302,0.6203022397463946,0.6001542297493642,0.6166055696651911,0.6402136243445957,0.6314025804173464,0.5677028002112909,0.6125401049541574,0.5919802105960292,0.6087678641046839,1.7743706703186034e-06,0.0011495272318522134,3.461937109629313e-06,1.448194185892741e-06,1.292725404103597e-06,1.3555089632670085e-06,1.313487688700358e-06,0.0011550354957580566,0.0011442752679189047,0.001133426030476888,0.0011756547292073568,0.0011392446358998616
63,6,distance,2.0653750214675144,0.6120888492660261,0.6041553468087724,0.6210130898026575,0.6092704079374791,0.5777388720694437,0.6482665297117782,0.17797136448886064,0.18344358645226552,0.18032377318449427,0.1838362564508323,0.1687080415504676,0.17885660442538404,0.16059558877646124,0.1667812290864538,0.16261291365465935,0.17265308831291667,0.15966144790264306,0.16446085354662682,0.6041553468087724,0.6210130898026575,0.6092704079374791,0.5777388720694437,0.6482665297117782,0.6120888492660261,0.5960631222120181,0.6132654868684699,0.6012827501781091,0.5691066173246964,0.6410760669460905,0.6041588087058768,1.5525023142496747e-06,0.0011297582785288493,2.447366714477539e-06,1.3485550880432129e-06,1.3572971026102703e-06,1.2982885042826334e-06,1.3110041618347169e-06,0.0011410061518351236,0.0011337514718373616,0.00114197572072347,0.0011156423886617025,0.0011164156595865886
64,6,distance,2.000966657797612,0.6093959248201346,0.599200687933201,0.5805317791525553,0.6543680873318145,0.6297544616788227,0.58312460800428,0.1832839572325071,0.19000580596500855,0.17016408312819148,0.1756386599504531,0.17782056615875533,0.1793826144869831,0.16954565005337005,0.17644587185307167,0.15532005599123344,0.16331239209479012,0.1612585641986347,0.16517650683822,0.599200687933201,0.5805317791525553,0.6543680873318145,0.6297544616788227,0.58312460800428,0.6093959248201346,0.5910071755911199,0.5719566196122328,0.6473023582823797,0.6221855579993437,0.5746024534830727,0.6014108329936297,1.6560951868693032e-06,0.00115451447168986,2.9685099919637045e-06,1.338819662729899e-06,1.3486544291178385e-06,1.334846019744873e-06,1.2896458307902018e-06,0.0011906933784484864,0.001162791649500529,0.0011367944876352946,0.001138694683710734,0.0011435981591542562
65,6,distance,2.0158188632210923,0.6159786581093456,0.6100647343472816,0.6104641262869566,0.6488660264013283,0.5761381612644033,0.6343602422467585,0.173524903630064,0.1840175031283215,0.16875133903515074,0.19037697920624316,0.17131812727772328,0.17759777045550057,0.17003149605260873,0.1660448049244117,0.15509172449138434,0.1708701307296885,0.15876963321497223,0.16416155788261308,0.6100647343472816,0.6104641262869566,0.6488660264013283,0.5761381612644033,0.6343602422467585,0.6159786581093456,0.6020933149472261,0.6025008716284276,0.6416878191045923,0.5674731833004729,0.6268854942177313,0.6081281366396901,1.687447230021159e-06,0.001153461217880249,3.1351049741109214e-06,1.4026959737141928e-06,1.2965003649393717e-06,1.2897451718648274e-06,1.313189665476481e-06,0.0011746764183044433,0.0011523763338724773,0.0011468128363291423,0.0011211907863616943,0.001172249714533488
66,7,distance,2.0029948600151073,0.609681160523488,0.6518756814101193,0.6283720527726115,0.5919086523396739,0.6131284350722435,0.5631209810227917,0.17324532534498532,0.17162263491735846,0.18374717874556293,0.1820337344864211,0.18282051492082563,0.1786938776830307,0.1534618006708353,0.16237284133529142,0.1736111523665322,0.16644255575996905,0.17222736222101245,0.1656231424707281,0.6518756814101193,0.6283720527726115,0.5919086523396739,0.6131284350722435,0.5631209810227917,0.609681160523488,0.6447590002805136,0.6207748886044197,0.5835660694232788,0.6052196466921189,0.5541898937523888,0.601701899750544,1.6205509503682454e-06,0.0011887543201446534,2.634723981221517e-06,1.4898180961608887e-06,1.3030568758646648e-06,1.368423302968343e-06,1.3067324956258137e-06,0.0011908559004465739,0.00119353453318278,0.0012075968583424887,0.001184534231821696,0.001167250076929728
67,7,distance,2.0,0.6105761041372897,0.5900123193143489,0.6204026214007832,0.6116776561225559,0.6386165091458811,0.5921714147028795,0.1786006669768103,0.17456763824657168,0.18586518230181695,0.17471479330826858,0.18018678722456638,0.17878701361160676,0.1710627989460344,0.1592754326109596,0.16561170345158094,0.15730087889097488,0.1739780768044649,0.16544577814080294,0.5900123193143489,0.6204026214007832,0.6116776561225559,0.6386165091458811,0.5921714147028795,0.6105761041372897,0.5816309697943698,0.6126425387036952,0.603739209569695,0.6312287716837867,0.5838342034191224,0.6026151386341339,1.4978051185607909e-06,4.15648619333903e-05,2.4216373761494953e-06,1.279016335805257e-06,1.252889633178711e-06,1.2886524200439454e-06,1.2468298276265462e-06,4.1607220967610674e-05,4.16100025177002e-05,4.1176080703735355e-05,4.1596094767252605e-05,4.183491071065267e-05
68,7,distance,2.0,0.6205299718097113,0.5974272573070785,0.6290202376481171,0.642196050855734,0.6077735262221884,0.6262327870154387,0.1756293392580616,0.1766267054400611,0.17173764988558618,0.1823048446507019,0.17584230926054867,0.1764281696989919,0.16717449818809002,0.16381772838844427,0.1615349041917769,0.1641140825756536,0.16035745764556433,0.16339973419790582,0.5974272573070785,0.6290202376481171,0.642196050855734,0.6077735262221884,0.6262327870154387,0.6205299718097113,0.5891974908465758,0.6214363242780616,0.634881489714795,0.5997552678144649,0.6185918899867935,0.6127724925281381,1.680473486582438e-06,4.178539911905925e-05,2.387066682179769e-06,2.256333827972412e-06,1.2546777725219727e-06,1.252591609954834e-06,1.2516975402832031e-06,4.427631696065267e-05,4.142681757609049e-05,4.0887991587320964e-05,4.0533145268758136e-05,4.180272420247396e-05
69,7,distance,2.0,0.6178817615232259,0.6078048879722313,0.619266173246906,0.5783525143547668,0.6444370345273215,0.6395481975149039,0.18090520973085963,0.16906275146068436,0.18230853764818677,0.17533260149216245,0.1768489936190423,0.1768916187901871,0.16896223044657585,0.16146837026620556,0.1753759856845539,0.15675995424756795,0.15656157415831032,0.1638256229606427,0.6078048879722313,0.619266173246906,0.5783525143547668,0.6444370345273215,0.6395481975149039,0.6178817615232259,0.5997872706905734,0.6114828582195855,0.5697328042563974,0.6371682856590555,0.632179506493062,0.6100701450637348,1.3789733250935871e-06,4.220223426818848e-05,1.8200278282165527e-06,1.2868642807006836e-06,1.2573599815368652e-06,1.28557284673055e-06,1.2450416882832844e-06,4.4789314270019535e-05,4.126310348510742e-05,4.173715909322103e-05,4.162708918253581e-05,4.1594505310058596e-05
70,6,distance,2.018928706387877,0.6021978897061191,0.5941218117533167,0.636279378154763,0.5757632427163775,0.6198675486276819,0.5849574672784564,0.18105151181342558,0.1793545962994038,0.19115491411047245,0.1683070485476966,0.17971214015484416,0.17991604218516852,0.1690060809746159,0.15963820184172686,0.17783217981703864,0.16807789931551767,0.16380399856588332,0.16767167210295647,0.5941218117533167,0.636279378154763,0.5757632427163775,0.6198675486276819,0.5849574672784564,0.6021978897061191,0.5858244723002328,0.628843862887058,0.5670906003187566,0.6120965274752665,0.5764727817713721,0.5940656489505372,1.5493233998616536e-06,0.001142512083053589,2.4687250455220542e-06,1.3349453608194988e-06,1.2949109077453614e-06,1.2939174969991047e-06,1.3541181882222494e-06,0.0011562891801198323,0.001134951909383138,0.0011358106136322022,0.0011284192403157552,0.0011570894718170167
71,5,distance,2.0101960505519427,0.6087707194807868,0.6226134299750418,0.586962823658918,0.5793422051934318,0.6297110345732284,0.6252241040033135,0.17901029715519678,0.17831261097975254,0.18605856698255405,0.17257844592873794,0.1757754506744598,0.1783470743441402,0.15847151834816478,0.17619728523269315,0.1747956537234013,0.15974188907269526,0.1634764846924426,0.1665365662138794,0.6226134299750418,0.586962823658918,0.5793422051934318,0.6297110345732284,0.6252241040033135,0.6087707194807868,0.6148985426832199,0.5785191335122519,0.5707427272757507,0.622141243116463,0.6175625865383045,0.600772846625198,1.5406211217244467e-06,0.0011116965611775716,2.444287141164144e-06,1.3771653175354004e-06,1.2965997060139974e-06,1.2942155202229819e-06,1.2908379236857096e-06,0.0011232542991638185,0.001090094248453776,0.001117411454518636,0.0011217836538950602,0.0011059391498565675
72,5,distance,2.026793085031473,0.603170560021488,0.6157912900278347,0.619587565029531,0.6151366670335043,0.5813712635487083,0.5839660144678613,0.17990830017453002,0.18108071518150923,0.17716077491006382,0.1737409601472546,0.18779470698964884,0.17993709148060127,0.16596055705117446,0.16693624538868998,0.15762220140297512,0.17486702662921577,0.17202357515219216,0.1674819211248495,0.6157912900278347,0.619587565029531,0.6151366670335043,0.5813712635487083,0.5839660144678613,0.603170560021488,0.6079369382055758,0.6118108201919746,0.6072689327990956,0.572813265529261,0.5754610607602196,0.5950582034972254,1.7333428064982096e-06,0.001109425703684489,3.374020258585612e-06,1.3999144236246746e-06,1.2965997060139974e-06,1.3165672620137533e-06,1.279612382253011e-06,0.001119317611058553,0.001103306214014689,0.0011127177874247233,0.001102812687555949,0.0011089742183685303
73,6,distance,2.0,0.6038515286223982,0.6254836773791694,0.5815908033928738,0.6543908406104515,0.5699680323660126,0.5878242893634842,0.17457197982110956,0.18542355094348476,0.17111326119098835,0.18148426542479237,0.18465960768084683,0.17945053301224437,0.16369708956948065,0.17622752983962578,0.15241871927552292,0.17609101400353816,0.16994651365806357,0.16767617326924622,0.6254836773791694,0.5815908033928738,0.6543908406104515,0.5699680323660126,0.5878242893634842,0.6038515286223982,0.6178274663545528,0.5730372934111267,0.6473255767047026,0.5611769188879754,0.5793982101000461,0.5957530930916807,1.5856822331746418e-06,4.102627436319987e-05,2.917945384979248e-06,1.2586514155069987e-06,1.2495120366414389e-06,1.2556711832682292e-06,1.2466311454772949e-06,4.472494125366211e-05,4.111210505167643e-05,4.020810127258301e-05,3.9466222127278645e-05,3.9620002110799156e-05
74,6,distance,2.0,0.612714306299536,0.6361702085167145,0.6014726808061244,0.6180883264779524,0.587423326324365,0.620416989372524,0.1750313121887447,0.18106700335131182,0.1781334552884692,0.1805725752143176,0.1740905030072455,0.17777896981001778,0.15880225609018642,0.1645397130596276,0.16913131467100728,0.17560659634910025,0.16062231234525873,0.16574043850303605,0.6361702085167145,0.6014726808061244,0.6180883264779524,0.587423326324365,0.620416989372524,0.612714306299536,0.628732461501724,0.5933256146556534,0.6102809328114029,0.578989050201524,0.6126572003988788,0.6047970519138366,1.4210939407348632e-06,4.081304868062337e-05,1.9940733909606933e-06,1.2737512588500977e-06,1.2937188148498534e-06,1.2763341267903646e-06,1.2675921122233072e-06,4.032492637634277e-05,4.024624824523926e-05,4.126588503519694e-05,4.180232683817546e-05,4.0425856908162436e-05
75,6,distance,2.0,0.6152276410380807,0.6149006870079602,0.6226845720798733,0.5903931480258084,0.6595560469224562,0.5886037511543054,0.17864392270383905,0.17695019524120092,0.18437961743663758,0.16723745700051906,0.18080464831963128,0.17760316814036559,0.16661551250756573,0.1680435080028454,0.1677040719223992,0.15180725428224884,0.16881863649155254,0.16459779664132235,0.6149006870079602,0.6226845720798733,0.5903931480258084,0.6595560469224562,0.5886037511543054,0.6152276410380807,0.6070281286503716,0.6149711391411313,0.5820195837605779,0.6525963749685711,0.5801936063738142,0.6073617665788933,1.4026959737141928e-06,4.1223526000976555e-05,1.9360582033793133e-06,1.2758374214172364e-06,1.2903412183125814e-06,1.2635191281636556e-06,1.247723897298177e-06,4.402438799540202e-05,3.996968269348145e-05,4.1665236155192056e-05,3.979682922363281e-05,4.0661493937174476e-05
76,14,distance,2.006324306611482,0.6207819302878516,0.6048713770811125,0.6363236066779732,0.6314799865961003,0.638644318022935,0.5925903630611373,0.17539233368919424,0.17777786171505042,0.17499167584335246,0.18221703308145076,0.1859143055502853,0.17925864197586663,0.1628795990141016,0.15398552867739135,0.1558217943219761,0.15610990412796627,0.17220763994616267,0.16020089321751962,0.6048713770811125,0.6363236066779732,0.6314799865961003,0.638644318022935,0.5925903630611373,0.6207819302878516,0.5967937902412034,0.628888995570879,0.623946357701983,0.6312571490557718,0.5842617163094059,0.6130296017758485,1.380801200866699e-06,0.0013336652914683026,1.5095869700113933e-06,1.3933579126993814e-06,1.3535221417744954e-06,1.2938181559244792e-06,1.3537208239237467e-06,0.0013038265705108644,0.0013539024194081624,0.0013319965203603108,0.0013266468048095702,0.0013519541422526043
77,14,uniform,2.0057541714185447,0.6110671716176752,0.5784649547566373,0.6578512608553286,0.6281442638981618,0.5839879052699721,0.6068874733082761,0.18736992033260777,0.1761923237924207,0.17001713128523444,0.1904068312707364,0.18504187124995453,0.18180561558619077,0.16709477157645747,0.14981379819721252,0.1536878724868349,0.17116685345779004,0.16684758311972925,0.16172217576760484,0.5784649547566373,0.6578512608553286,0.6281442638981618,0.5839879052699721,0.6068874733082761,0.6110671716176752,0.5698475432695498,0.650856738078947,0.6205424430579198,0.575483399074469,0.5988511013827212,0.6031162449727213,1.5074014663696289e-06,0.0013305791219075521,2.0120541254679363e-06,1.4958779017130534e-06,1.3156731923421224e-06,1.3860066731770834e-06,1.3273954391479492e-06,0.0013277709484100341,0.001339670419692993,0.001317922274271647,0.001343001921971639,0.001324530045191447
78,5,distance,2.0258834984461638,0.6044085687571195,0.5956156048724859,0.6016818177889389,0.5925214286294854,0.611507977436387,0.6207160150583001,0.18741385657155465,0.17715139737281452,0.18161581892931214,0.1775263843683279,0.17802733179675348,0.18034695780775253,0.16579613682604355,0.16475488301037342,0.16748207251513128,0.16586010670803678,0.16906165782739585,0.16659097137739617,0.5956156048724859,0.6016818177889389,0.5925214286294854,0.611507977436387,0.6207160150583001,0.6044085687571195,0.5873488029278007,0.5935390270112,0.5841913726559826,0.6035660621539962,0.6129623390458633,0.5963215207589686,1.4579494794209797e-06,0.0011062718232472738,1.9401311874389647e-06,1.3849139213562011e-06,1.3102094332377115e-06,1.363356908162435e-06,1.2911359469095865e-06,0.0010886053244272868,0.001126776138941447,0.0011035633087158204,0.0010940889517466227,0.001118325392405192
79,6,distance,2.0,0.6075704771327202,0.6325078525593024,0.5848848029793869,0.6352059022577345,0.5738222621237127,0.6114315657434639,0.17362566163543955,0.1842041491605744,0.172042218719692,0.18238139491196126,0.18386992302544622,0.1792246694906227,0.15775656094821167,0.17188303354760617,0.15765367830502194,0.17261460846572224,0.17197726712077588,0.16637702967746756,0.6325078525593024,0.5848848029793869,0.6352059022577345,0.5738222621237127,0.6114315657434639,0.6075704771327202,0.6249952362572779,0.5763986320011121,0.6277484419972452,0.565109940395407,0.6034880883821718,0.5995480678066427,1.5044013659159343e-06,4.1572570800781256e-05,2.431472142537435e-06,1.2499094009399413e-06,1.2783209482828775e-06,1.3217329978942872e-06,1.2405713399251302e-06,4.192471504211426e-05,4.1640599568684896e-05,4.423936208089193e-05,4.0459632873535154e-05,3.9598544438680014e-05
80,15,distance,2.065512646557748,0.6138092812366394,0.6274991198158624,0.6121682599789643,0.6102610907123607,0.6083944494199749,0.6107234862560348,0.1799580497027902,0.1809493375584118,0.18422062642780862,0.17973747326072195,0.17865990833868167,0.18070507905768288,0.16294792158157714,0.16216983290792886,0.1604525993997579,0.16353345349371345,0.16074910141492357,0.16197058175958018,0.6274991198158624,0.6121682599789643,0.6102610907123607,0.6083944494199749,0.6107234862560348,0.6138092812366394,0.6198841103402071,0.6042398428064729,0.6022936854117615,0.6003888845018142,0.6027655336752382,0.6059144113470987,1.5046397844950358e-06,0.0013421530723571776,2.1646420160929364e-06,1.3642509778340657e-06,1.3781587282816569e-06,1.3063351313273113e-06,1.309812068939209e-06,0.0013773953914642334,0.0013235676288604736,0.0013148856163024902,0.0013518798351287841,0.0013430368900299071
81,15,distance,2.0272027967636967,0.6187810388627186,0.6509854605632072,0.6118126304853384,0.5992012718109309,0.6167388878504974,0.6151669436036189,0.1690983021927579,0.18102391444416566,0.18485170656562294,0.18401443636387985,0.17788925614192466,0.1793755231416702,0.15132584920576359,0.162579190315401,0.16971296592244509,0.15846436384464554,0.16280732827720787,0.16097793951309264,0.6509854605632072,0.6118126304853384,0.5992012718109309,0.6167388878504974,0.6151669436036189,0.6187810388627186,0.643850580711007,0.6038769432039484,0.5910077714050215,0.6089039077043406,0.6072998283110183,0.6109878062670671,1.5872915585835774e-06,0.001345012903213501,2.60084867477417e-06,1.4351805051167806e-06,1.3065338134765626e-06,1.2957056363423665e-06,1.2981891632080079e-06,0.0013520467281341554,0.0013445178667704264,0.0013523181279500327,0.0013034880161285401,0.0013726937770843506
82,15,distance,2.0,0.6159117521987975,0.6239128389121029,0.5877218406769392,0.6126200844614885,0.6216454517436533,0.6336585451998038,0.17875194789674112,0.1774587700389901,0.18516107012909064,0.18675395550564014,0.17435407176169812,0.18049596306643204,0.16159393873046943,0.1650968275198746,0.16307477897450712,0.15961364480642892,0.1548096257907869,0.1608377631644134,0.6239128389121029,0.5877218406769392,0.6126200844614885,0.6216454517436533,0.6336585451998038,0.6159117521987975,0.6162245153464219,0.5792936670621578,0.604700903905335,0.6139107761404571,0.626169452427057,0.6080598629762858,1.629511515299479e-06,4.7328948974609375e-05,3.1279524167378743e-06,1.2744466463724773e-06,1.2578566869099934e-06,1.2461344401041666e-06,1.2411673863728842e-06,5.0015846888224284e-05,4.642327626546224e-05,4.5761664708455403e-05,4.743576049804688e-05,4.700819651285807e-05
83,15,distance,2.0,0.6140767990203967,0.6205064190378241,0.634783581833356,0.577606553992865,0.6203997185402781,0.6170877216976602,0.182168540256383,0.17418650518002105,0.18533911822392818,0.18001247401646728,0.1780418120296314,0.17994968994128618,0.15829175806856244,0.1597377339448386,0.16652322161724867,0.16454060872090615,0.16386920464780186,0.16259250539987152,0.6205064190378241,0.634783581833356,0.577606553992865,0.6203997185402781,0.6170877216976602,0.6140767990203967,0.6127484582685803,0.6273174881059289,0.5689715942789202,0.6126395765002157,0.6092598727374761,0.6061873979782242,1.412630081176758e-06,4.7375202178955075e-05,2.0062923431396482e-06,1.276532808939616e-06,1.2625257174173992e-06,1.2626250584920248e-06,1.255174477895101e-06,4.9188931783040364e-05,4.740436871846517e-05,4.7037998835245766e-05,4.6592950820922854e-05,4.6651760737101234e-05
84,15,distance,2.0361148416379526,0.6157521819351118,0.5809567496098901,0.6339210522643723,0.6223359435321187,0.6049042038177427,0.6366429604514354,0.18427578673716083,0.17514557705844516,0.17812005980665352,0.1896767214823997,0.1757221860416287,0.18058806622525758,0.16575493272375283,0.1560693327401574,0.15733565073865502,0.17026696853515208,0.15542822237567178,0.16097102142267783,0.5809567496098901,0.6339210522643723,0.6223359435321187,0.6049042038177427,0.6366429604514354,0.6157521819351118,0.5723902777109441,0.6264373259052114,0.6146153836043255,0.5968272880525176,0.6292148778712263,0.607897030628845,1.5865961710611979e-06,0.0013451660474141439,2.691348393758138e-06,1.3507405916849771e-06,1.3073285420735677e-06,1.3008713722229003e-06,1.2826919555664062e-06,0.0013486945629119873,0.0013405179977416992,0.0013744882742563883,0.0013314350446065268,0.001330694357554118
85,15,distance,2.0,0.6159383610793299,0.595256881703933,0.6145118952904203,0.6465407482752299,0.6031112964159155,0.6202709837111506,0.18235972506939283,0.17900725773340506,0.17473164988449952,0.18464168614968782,0.18337813809683653,0.18082369138676435,0.16419404583302885,0.1650067193729868,0.1537786464595896,0.1574579887297409,0.16295775496978673,0.16067903107302656,0.595256881703933,0.6145118952904203,0.6465407482752299,0.6031112964159155,0.6202709837111506,0.6159383610793299,0.5869827464065688,0.6066313888909058,0.639315005480175,0.5949977283699036,0.612508209953968,0.6080870158203042,1.5149116516113284e-06,4.679409662882487e-05,2.516011397043864e-06,1.2865662574768067e-06,1.265108585357666e-06,1.2572606404622396e-06,1.2496113777160644e-06,4.636009534200032e-05,4.6842495600382486e-05,4.688103993733724e-05,4.700024922688802e-05,4.6886603037516276e-05
86,15,uniform,2.04952468462995,0.609071317175474,0.6231743702963072,0.5823726363114266,0.6456145347245051,0.589355291160784,0.6048397533843475,0.18221124384287057,0.18826412082683888,0.17383916573360184,0.18635600611358982,0.18429221123303385,0.18299254954998698,0.1553321775048781,0.17414910431365616,0.1512421137981926,0.16846808600235139,0.15836869292723643,0.16151203490926294,0.6231743702963072,0.5823726363114266,0.6456145347245051,0.589355291160784,0.6048397533843475,0.609071317175474,0.615470950268293,0.573835109285425,0.6383698574105257,0.5809605100601527,0.5967615200634142,0.6010795894175622,1.7040371894836425e-06,0.0013358471393585204,3.181000550587972e-06,1.3381242752075195e-06,1.3486544291178385e-06,1.354515552520752e-06,1.2978911399841308e-06,0.001346973975499471,0.0013333678245544434,0.001345448096593221,0.0013302560647328694,0.0013231897354125976
87,15,uniform,2.009444452485785,0.6082998931290409,0.5944863067538086,0.6424829815231691,0.6018589848690865,0.601883104665129,0.6007880878340108,0.18311916183548854,0.17225136934162724,0.18898959382468206,0.18214631402489315,0.18540257340055574,0.18238180248544936,0.16626690363047938,0.1548301987163139,0.16109087722627657,0.1608499927860159,0.16842571844248452,0.16229273816031406,0.5944863067538086,0.6424829815231691,0.6018589848690865,0.601883104665129,0.6007880878340108,0.6082998931290409,0.5861964186465611,0.6351742860858234,0.5937198159055925,0.5937444287809408,0.5926270265972274,0.6002923952032291,1.4603734016418456e-06,0.0013556229273478189,1.9905964533487957e-06,1.3781587282816569e-06,1.2957056363423665e-06,1.3564030329386394e-06,1.2810031572977702e-06,0.001337897777557373,0.0013503821690877278,0.001362471580505371,0.0013659191131591797,0.0013614439964294435
88,15,distance,2.0056078063100795,0.6214400032868281,0.644351937301261,0.6469332569002721,0.610988779812992,0.6157047833476706,0.5892212590719449,0.17506119499928124,0.17047485614555702,0.17972897655320602,0.18269518804935544,0.1859366258087763,0.17877936831123523,0.15874666339876775,0.15089424033376928,0.16155468630605319,0.16353683302937663,0.16763592767142044,0.16047367014787745,0.644351937301261,0.6469332569002721,0.610988779812992,0.6157047833476706,0.5892212590719449,0.6214400032868281,0.6370814487963463,0.6397155381316235,0.6030362506098506,0.6078486630753914,0.5808237379626832,0.6137011277151789,1.6407171885172524e-06,0.001365848700205485,2.7785698572794597e-06,1.41143798828125e-06,1.37100617090861e-06,1.3503432273864747e-06,1.2922286987304687e-06,0.0013686291376749675,0.0013725105921427408,0.0013723929723103842,0.001341030995051066,0.0013746798038482666
89,15,distance,2.0,0.6198105738485611,0.5883074581083672,0.6227799537468822,0.6383669761213397,0.6283475726033734,0.6212509086628428,0.18987943399363308,0.17733179300329238,0.18009115828862038,0.17976365637653133,0.17381983565311482,0.1801771754630384,0.16957972873981472,0.15635841150491567,0.1587918525711353,0.1574228417321262,0.15608954440701497,0.15964847579100136,0.5883074581083672,0.6227799537468822,0.6383669761213397,0.6283475726033734,0.6212509086628428,0.6198105738485611,0.579891256229833,0.6150684706888969,0.6309741374730536,0.6207499079887916,0.6135081674430032,0.6120383879647158,1.4370481173197428e-06,4.6718358993530265e-05,2.1642446517944337e-06,1.2691815694173177e-06,1.2526909510294596e-06,1.2518962224324545e-06,1.2472271919250489e-06,4.7212839126586915e-05,4.653573036193848e-05,4.677653312683105e-05,4.6114524205525714e-05,4.695216814676921e-05
90,15,distance,2.0,0.6228068267522925,0.5838012123794789,0.6300665138811905,0.6296225430803291,0.6397627438201465,0.6307811206003175,0.18987905324345628,0.1699332763814119,0.17769224661376673,0.17942102669296753,0.17635503877009684,0.17865612834033986,0.17655149307005055,0.15454538146141497,0.15837539423892072,0.15611345662315934,0.15423863491203507,0.15996487206111612,0.5838012123794789,0.6300665138811905,0.6296225430803291,0.6397627438201465,0.6307811206003175,0.6228068267522925,0.5752928896342553,0.6225039894630888,0.6220509425981552,0.6323984387534374,0.623233204837462,0.6150958930572797,1.4963348706563314e-06,4.755059878031413e-05,2.4686257044474282e-06,1.2636184692382812e-06,1.25428040822347e-06,1.2472271919250489e-06,1.2479225794474284e-06,5.0543944040934246e-05,4.6955347061157225e-05,4.63716189066569e-05,4.676699638366699e-05,4.7115087509155276e-05
91,15,distance,2.0,0.6229802361517375,0.5805507728051998,0.6288279084187643,0.6367561639425475,0.6452024341886586,0.623563901403517,0.18594072863245403,0.17521299889664005,0.17189068031242555,0.17188495737453668,0.186129926239516,0.17821185829111447,0.17746220483797404,0.1563771707651633,0.1532321692303259,0.15125682297503984,0.16367451104626143,0.1604005757709529,0.5805507728051998,0.6288279084187643,0.6367561639425475,0.6452024341886586,0.623563901403517,0.6229802361517375,0.5719760015507918,0.6212400632757067,0.6293303955734003,0.6379493323322087,0.61586844453272,0.6152728474529654,1.496593157450358e-06,4.770493507385254e-05,2.3833910624186197e-06,1.2766321500142415e-06,1.2557705243428547e-06,1.2511014938354491e-06,1.316070556640625e-06,4.851977030436198e-05,4.728515942891439e-05,4.7024091084798174e-05,4.9545764923095704e-05,4.614988962809245e-05
92,15,distance,2.014505760876779,0.6171554598887414,0.6010012705495733,0.6544148055110418,0.5804358504819609,0.6544392838292763,0.5954860890718551,0.18752958165828418,0.1660156352771838,0.1806068526616096,0.17898089689185528,0.1876925262333421,0.180165098544455,0.15967174145408786,0.14671265365707722,0.16863959959018135,0.15375926265480935,0.17341851521166593,0.16044035451356436,0.6010012705495733,0.6544148055110418,0.5804358504819609,0.6544392838292763,0.5954860890718551,0.6171554598887414,0.5928445673921541,0.6473500315180818,0.5718587298785256,0.6473750102448663,0.5872166394447039,0.6093289956956663,1.5453100204467777e-06,0.001342013994852702,2.5313099225362142e-06,1.3267993927001954e-06,1.304646333058675e-06,1.2820959091186524e-06,1.2816985448201498e-06,0.0013634554545084636,0.0013481577237447102,0.0013241799672444661,0.001341315507888794,0.0013329613208770753
93,15,uniform,2.019741983720049,0.611847583690657,0.6177094478064034,0.6127709500245329,0.6086606783628125,0.5871712499377222,0.6329255923218133,0.18763501162675436,0.17669753017585985,0.18734044645905784,0.18547841525804434,0.17321902485496973,0.1820740856749372,0.1651741061388585,0.1595885061113737,0.16173749540110388,0.16443589618875215,0.15514033502353664,0.16121526777272496,0.6177094478064034,0.6127709500245329,0.6086606783628125,0.5871712499377222,0.6329255923218133,0.611847583690657,0.6098943087496348,0.6048548536025471,0.600660555944335,0.5787318206349159,0.6254215158445762,0.6039126109552018,1.6040802001953124e-06,0.001338746627171834,2.665221691131592e-06,1.4168024063110351e-06,1.2938181559244792e-06,1.287062962849935e-06,1.3574957847595214e-06,0.0013561256726582845,0.0013285183906555176,0.0013131141662597657,0.0013653918107350666,0.001330583095550537
94,15,distance,2.0,0.6234744776521645,0.6231770714253083,0.6393671977809551,0.6019482544332505,0.6061028229006145,0.6467770417206936,0.18571640769063852,0.17012174796019683,0.18300560280547484,0.1793997566732853,0.17516846019586416,0.17868239506509193,0.1617182612409437,0.15556706613426466,0.16821930487093031,0.1619565014453053,0.15017359926945628,0.15952694659218006,0.6231770714253083,0.6393671977809551,0.6019482544332505,0.6061028229006145,0.6467770417206936,0.6234744776521645,0.6154737066162856,0.6319948065941944,0.5938109104012216,0.598050410421581,0.63955612945604,0.6157771926978645,1.4475186665852865e-06,4.7288735707600905e-05,2.237260341644287e-06,1.2616316477457683e-06,1.2451410293579102e-06,1.2433528900146484e-06,1.2502074241638184e-06,4.9879948298136395e-05,4.659891128540039e-05,4.689653714497884e-05,4.727443059285482e-05,4.579385121663411e-05
95,15,uniform,2.0288517041487824,0.6153766987698719,0.5733371196204594,0.6210225283911089,0.5934816715931424,0.6549352044321815,0.6341069698124671,0.18566325978538878,0.18051555142585804,0.1776099988293024,0.1798306023291473,0.17924377834633015,0.18057263814320534,0.16608332297261938,0.16224069830204899,0.16555625515723224,0.15136253312141817,0.1585335162431256,0.16075526515928887,0.5733371196204594,0.6210225283911089,0.5934816715931424,0.6549352044321815,0.6341069698124671,0.6153766987698719,0.5646148801578452,0.6132751184093258,0.5851712457994758,0.6478810689180182,0.6266270441527559,0.6075138714874843,1.7334024111429846e-06,0.0013409333229064944,3.389120101928711e-06,1.3480583826700847e-06,1.2836853663126627e-06,1.3617674509684245e-06,1.2843807538350422e-06,0.0013269472122192383,0.0013327217102050782,0.001335750420888265,0.0013491614659627278,0.0013600858052571615
96,15,uniform,2.0185846370994245,0.6121795019511843,0.6267419100314531,0.565214730663256,0.6459888933598303,0.6080412669130888,0.6149107087882932,0.1741189402115297,0.187868365655915,0.18016927060658683,0.17725321773485703,0.18848671918812296,0.1815793026794023,0.1516794829416428,0.17502993878374207,0.15732676832288628,0.1592083821715098,0.16395402774565299,0.16143971999308676,0.6267419100314531,0.565214730663256,0.6459888933598303,0.6080412669130888,0.6149107087882932,0.6121795019511843,0.6191114209690638,0.5563264457705117,0.6387518690332852,0.6000284819096084,0.6070383553052601,0.6042513145975459,1.6402204831441244e-06,0.0013373327255249024,2.9052297274271647e-06,1.4049808184305826e-06,1.2929240862528483e-06,1.2917319933573405e-06,1.3062357902526855e-06,0.0013334290186564127,0.0013235044479370118,0.001336130698521932,0.001357203722000122,0.0013363957405090332
97,15,distance,2.0,0.6122684444975063,0.6063823890970184,0.610613436562534,0.6179880951359239,0.6044568982183467,0.6219014034737087,0.18524868512504028,0.17688293803824484,0.18241499286500362,0.18326974188202017,0.17761981710911262,0.1810872350038843,0.16277459351360074,0.16300493257178877,0.16330407067183142,0.16409526653269985,0.15805581342003175,0.16224693534199047,0.6063823890970184,0.610613436562534,0.6179880951359239,0.6044568982183467,0.6219014034737087,0.6122684444975063,0.5983356917702112,0.6026532342435398,0.61017865244705,0.596370838215996,0.6141719602738527,0.6043420753901299,1.4895399411519368e-06,4.736002286275229e-05,2.4404128392537436e-06,1.2590487798055014e-06,1.2458364168802898e-06,1.2483199437459309e-06,1.2540817260742187e-06,4.9901008605957034e-05,4.63402271270752e-05,4.6612024307250975e-05,4.6929121017456057e-05,4.701773325602214e-05
98,15,distance,2.0,0.6260096284951544,0.619319539457313,0.6138444875240054,0.6383939282833507,0.6085253449647153,0.6499648422463873,0.17667677716386204,0.17999580613861998,0.1765604090352054,0.18526003759300533,0.17280398202346708,0.178259402390832,0.16194122846296422,0.15700064970858485,0.1551558017023238,0.1640614150262478,0.15644313944736243,0.15892044686949663,0.619319539457313,0.6138444875240054,0.6383939282833507,0.6085253449647153,0.6499648422463873,0.6260096284951544,0.6115373153917044,0.6059503373541384,0.6310016406162301,0.6005224559350332,0.6428090979652232,0.6183641694524659,1.482963562011719e-06,4.6822547912597664e-05,2.400775750478109e-06,1.2562672297159832e-06,1.2466311454772949e-06,1.253485679626465e-06,1.2576580047607423e-06,4.768172899881999e-05,4.716714223225912e-05,4.594763120015462e-05,4.650751749674479e-05,4.680871963500977e-05
99,15,uniform,2.0024849525168786,0.6110626548591872,0.5816722537933967,0.6084914122579698,0.6239745209405856,0.6343231485066104,0.6068519387973733,0.18536125044998997,0.18273400973765733,0.1889161656711707,0.16968392545515892,0.18409999028708562,0.1821590683202125,0.17546013971744112,0.15938044298147006,0.16324999584724773,0.14733283864575922,0.16089220799541004,0.16126312503746562,0.5816722537933967,0.6084914122579698,0.6239745209405856,0.6343231485066104,0.6068519387973733,0.6110626548591872,0.5731204088964985,0.6004878295443337,0.6162874583363045,0.6268476421728444,0.598814840442294,0.6031116358784551,1.3567407925923664e-06,0.0013477369944254556,1.3714035352071126e-06,1.399517059326172e-06,1.3600786526997883e-06,1.2866655985514323e-06,1.3660391171773275e-06,0.0013594226042429607,0.0013296186923980712,0.0013349080085754395,0.0013570125897725423,0.0013577230771382649
100,13,distance,2.00584254523108,0.6180001231836992,0.6421765324962994,0.6246615433511444,0.599092162996363,0.625532634885211,0.5985377421894781,0.1832779524390593,0.1818668278822438,0.17407006520189977,0.1776631818223493,0.17820314612458144,0.17901623469402672,0.15210802173498525,0.1628983086975798,0.16272555412421824,0.1598399165267374,0.1671343550782338,0.1609412312323509,0.6421765324962994,0.6246615433511444,0.599092162996363,0.625532634885211,0.5985377421894781,0.6180001231836992,0.6348615723429017,0.6169885254980162,0.5908964320865784,0.6178774246954709,0.5903306772938627,0.610190926383366,1.7088651657104491e-06,0.0013287502924601237,2.925693988800049e-06,1.4258424441019694e-06,1.3999144236246746e-06,1.3754765192667644e-06,1.4173984527587891e-06,0.0013362729549407958,0.0012972482045491536,0.001346814235051473,0.0013422242800394694,0.0013211917877197265
101,13,distance,2.008527059927749,0.6170085587189025,0.632211182646538,0.5793020118647596,0.623163349603371,0.5925652736999052,0.6578009757799383,0.174081143693222,0.18314431809747073,0.18237402394432792,0.1855841959781998,0.174935166221363,0.18002376958691668,0.15536007172592464,0.16318931075628135,0.16324804639074839,0.1707303292595363,0.1493547197523717,0.16037649557697248,0.632211182646538,0.5793020118647596,0.623163349603371,0.5925652736999052,0.6578009757799383,0.6170085587189025,0.6246925015422082,0.5707017122776679,0.6154597042801009,0.5842361140481145,0.6508054250292727,0.6091790914354729,1.6494194666544597e-06,0.0013273286024729411,2.979934215545654e-06,1.3591845830281576e-06,1.3162692387898762e-06,1.2976924578348797e-06,1.2940168380737305e-06,0.0013392845789591472,0.001347862482070923,0.0013203926881154378,0.0012966565291086833,0.0013324467341105143
102,13,distance,2.0,0.6158573765229566,0.6506713778751179,0.637132265378415,0.6048949809570416,0.5853932370487059,0.6011950213555022,0.17623744563826255,0.17800484425112176,0.18557148184624214,0.18897167290817127,0.17431358763181307,0.18061980645512216,0.1469552152673418,0.15753600191215844,0.16450723047597754,0.16797428781303547,0.16730274700329217,0.16085509649436108,0.6506713778751179,0.637132265378415,0.6048949809570416,0.5853932370487059,0.6011950213555022,0.6158573765229566,0.6435300772524627,0.6297141856246518,0.5968178766495195,0.5769174599525977,0.5930422790322756,0.6080043757023014,1.5128056208292643e-06,4.571247100830078e-05,2.5181969006856283e-06,1.2734532356262206e-06,1.2728571891784668e-06,1.2492140134175618e-06,1.250306765238444e-06,4.557530085245768e-05,4.63406244913737e-05,4.5247475306193034e-05,4.532019297281901e-05,4.6078761418660485e-05
103,11,distance,2.010118168456035,0.6193761619670346,0.6201614165234464,0.6059100060221901,0.606337597302405,0.6296682849207654,0.6348035050663657,0.17860786194112677,0.1822703031953857,0.1859229740400134,0.17505546089662044,0.172910456516012,0.17895341131783166,0.15906253005942247,0.1648933756505618,0.17005744722874927,0.1551548474671147,0.1580782617693331,0.16144929243503628,0.6201614165234464,0.6059100060221901,0.606337597302405,0.6296682849207654,0.6348035050663657,0.6193761619670346,0.6123964028918985,0.5978536518011787,0.5982899843000691,0.6220976195358408,0.6273378186281995,0.6115950954314373,1.5023152033487954e-06,0.001283826192220052,2.224147319793701e-06,1.3875961303710938e-06,1.305838425954183e-06,1.3020634651184081e-06,1.2919306755065918e-06,0.0012949665387471518,0.0012911641597747802,0.0012786042690277099,0.0012755862871805827,0.0012788097063700357
104,11,distance,2.008569918055171,0.6207905387646383,0.6285690886883951,0.6551349916982505,0.6485643423394938,0.5873752506452659,0.584309020451786,0.17488896422337571,0.1729718967536948,0.17240308275511812,0.18921446403767453,0.18022191101730978,0.17794006375743457,0.158780564707536,0.14782749225780684,0.15623343825830757,0.17641468778482355,0.16709468269731204,0.1612701731411572,0.6285690886883951,0.6551349916982505,0.6485643423394938,0.5873752506452659,0.584309020451786,0.6207905387646383,0.6209759525116673,0.648084940421213,0.6413799677365533,0.578939991714675,0.5758110787915158,0.6130383862351249,1.6461809476216633e-06,0.001291026751200358,3.011922041575114e-06,1.3410051663716635e-06,1.3018647829691568e-06,1.2882550557454427e-06,1.28785769144694e-06,0.0012941467761993408,0.0012572371959686279,0.0013095649083455403,0.0013091262181599934,0.0012850586573282877
105,13,distance,2.0118675012739855,0.6178216213727827,0.6739592136878124,0.6019376296846558,0.5860901790404857,0.597058684903185,0.630062399547775,0.16371441589712174,0.18883446992095804,0.18400013294032888,0.18635348548987038,0.17522854555845435,0.17962620996134668,0.1468582233933988,0.1617418006702117,0.1658098501323832,0.16687243066076815,0.16345017922224092,0.16094649681580056,0.6739592136878124,0.6019376296846558,0.5860901790404857,0.597058684903185,0.630062399547775,0.6178216213727827,0.6672939846660981,0.5938000684516334,0.5776286494808363,0.5888213837427732,0.6224997910206427,0.6100087754723967,1.5926957130432127e-06,0.0013274749120076497,2.6029348373413087e-06,1.3273954391479492e-06,1.385211944580078e-06,1.2983878453572592e-06,1.3495484987894693e-06,0.0013193432490030924,0.0013191898663838704,0.0013277586301167806,0.0013100063800811767,0.0013610764344533285
106,11,distance,2.0114297698396664,0.6165340858999292,0.6123344326102249,0.6161445413571383,0.6595300846669316,0.6210237783689756,0.5736375924963755,0.17669504683593273,0.18133355185715153,0.1756159563728338,0.17823087233709878,0.1827923931575462,0.1789335641121126,0.1665604893204262,0.1591001867987338,0.15145237440384948,0.1603322128355801,0.17439892757283199,0.1623688381862843,0.6123344326102249,0.6161445413571383,0.6595300846669316,0.6210237783689756,0.5736375924963755,0.6165340858999292,0.6044094124932278,0.6082974110271309,0.6525698819684702,0.6132763939404027,0.5649214955797767,0.6086949190018017,1.532316207885742e-06,0.0012843589782714844,2.394219239552816e-06,1.3551115989685058e-06,1.3059377670288086e-06,1.30385160446167e-06,1.3024608294169108e-06,0.001278146505355835,0.001284338633219401,0.001272349754969279,0.0012747093041737875,0.0013122506936391195
107,13,distance,2.0000771198958214,0.6262007706796374,0.6224304803318267,0.634069359101407,0.6307412210718228,0.6189038951254816,0.6248588977676488,0.1776836413807192,0.17370201192967766,0.17703952322400623,0.18180243198890453,0.1802575184256041,0.17809702538978234,0.1604217620282088,0.15788650038652036,0.15626437209175167,0.16494843837906586,0.15625711613830706,0.15915563780477077,0.6224304803318267,0.634069359101407,0.6307412210718228,0.6189038951254816,0.6248588977676488,0.6262007706796374,0.614711853013227,0.6265886645685568,0.6231924896456931,0.6111131740718287,0.6171899144170726,0.6185592191432756,1.8842418988545735e-06,0.001323280096054077,1.971423625946045e-06,1.3904770215352376e-06,1.302957534790039e-06,1.2970964113871257e-06,3.4592549006144207e-06,0.0013164039452870687,0.001322255531946818,0.0013288915157318114,0.0013154844443003337,0.0013333650430043538
108,11,distance,2.007049433003205,0.6168109433076129,0.6487931559850565,0.6041752775487039,0.6298184028410978,0.6154554357122375,0.5858124444509687,0.16905308722674808,0.19204596675447588,0.1776499013217169,0.17416916036055508,0.18161353680604136,0.17890633049390745,0.15230001345628377,0.16760869028398362,0.1580453460285641,0.15383028631494278,0.1788292020370761,0.16212270762417008,0.6487931559850565,0.6041752775487039,0.6298184028410978,0.6154554357122375,0.5858124444509687,0.6168109433076129,0.6416134590034903,0.5960834603946741,0.6222508063063332,0.6075942180436631,0.5773452371825047,0.6089774361861331,1.6174316406250002e-06,0.0012909786701202392,2.7026732762654623e-06,1.4354785283406575e-06,1.3199448585510254e-06,1.297295093536377e-06,1.3317664464314779e-06,0.0013262152671813965,0.0012929391860961913,0.001268445650736491,0.0012800761063893637,0.0012872171401977538
109,11,distance,2.0092095040465923,0.6240001865437437,0.6161596943102087,0.6333758291813256,0.6227775561678831,0.598327505779623,0.6493603472796783,0.17682263713677737,0.1759406526179018,0.17694223355493643,0.18496934837149195,0.17437687728379586,0.1778103497929807,0.16102390478102285,0.16214440565122992,0.15771109895095692,0.16929870245706866,0.14964366607877544,0.15996435558381078,0.6161596943102087,0.6333758291813256,0.6227775561678831,0.598327505779623,0.6493603472796783,0.6240001865437437,0.6083128737509625,0.6258809568647599,0.6150660240963577,0.5901161430357652,0.6421922453501316,0.6163136486195955,1.6077359517415366e-06,0.0012819004853566488,2.736051877339681e-06,1.4247496922810872e-06,1.3003746668497721e-06,1.2860695521036785e-06,1.2914339701334636e-06,0.001264487902323405,0.0012778814633687338,0.0012924333413441976,0.0012860691547393799,0.0012886305650075278
110,12,distance,2.0060781124307177,0.6240420990840523,0.5718828901742952,0.6386620685647938,0.6563550178646878,0.6441298610230608,0.6091806577934238,0.18046205991024966,0.17283051142261607,0.16472562533436136,0.18227782918796298,0.18616745066415186,0.17729269530386838,0.17283592224668617,0.15268149119470603,0.14847921565757663,0.16117304337593322,0.16584164459510325,0.16020226341400107,0.5718828901742952,0.6386620685647938,0.6563550178646878,0.6441298610230608,0.6091806577934238,0.6240420990840523,0.5631309220006863,0.6312752624707181,0.649329907497356,0.6368548326283022,0.6011911652781274,0.6163564179750379,1.5284220377604165e-06,0.0013029359976450604,1.904765764872233e-06,1.4373660087585448e-06,1.720885435740153e-06,1.2911359469095865e-06,1.2879570325215658e-06,0.0013328826427459718,0.0013194866975148518,0.0012868805726369223,0.0013093797365824381,0.0012660503387451171
111,12,distance,2.0,0.616669592719528,0.6050401887253694,0.645289404196139,0.5788405408674642,0.6118830508883426,0.6422947789203247,0.1861537249500347,0.17022451214763645,0.1847430951424923,0.1841584976472157,0.17031419994946304,0.17911880596736846,0.16422199164537385,0.1532507972065658,0.17303757282852536,0.16355893312579034,0.1567811412767606,0.1621700872166032,0.6050401887253694,0.645289404196139,0.5788405408674642,0.6118830508883426,0.6422947789203247,0.616669592719528,0.5969660528901128,0.6380380802614775,0.5702308074610069,0.6039488032063326,0.6349822360703143,0.6088331959778488,1.4135837554931641e-06,4.56233819325765e-05,1.992185910542806e-06,1.307527224222819e-06,1.260538895924886e-06,1.2561678886413574e-06,1.2514988581339518e-06,4.846493403116862e-05,4.5374234517415364e-05,4.525264104207357e-05,4.4750769933064776e-05,4.4274330139160154e-05
112,12,distance,2.0,0.6187824971561421,0.5823988236001489,0.6344208544527536,0.6067491909665702,0.658037478968124,0.6123061377931136,0.19258888699959553,0.17004204195880465,0.17484508853711614,0.1721956417945796,0.18395385900062633,0.17872510365814445,0.16980660801080213,0.1474107056614966,0.16371147817762538,0.15823688567231312,0.16654022865565493,0.16114118123557844,0.5823988236001489,0.6344208544527536,0.6067491909665702,0.658037478968124,0.6123061377931136,0.6187824971561421,0.5738618319190616,0.6269473455148202,0.5987099921447625,0.6510467630356155,0.6043805392471466,0.6109892943722812,1.513361930847168e-06,4.548756281534831e-05,2.5594234466552733e-06,1.2616316477457683e-06,1.2510021527608236e-06,1.248617966969808e-06,1.2461344401041666e-06,4.7832727432250977e-05,4.5243501663208005e-05,4.5245885848999025e-05,4.514137903849284e-05,4.397432009379069e-05
113,12,distance,2.0,0.6159585097882097,0.6150070529274563,0.601191889542473,0.5941059280448557,0.6344566308830885,0.6350310475431746,0.17453915534329154,0.17764706770600405,0.18032659789416722,0.1774133308518522,0.1853930193651735,0.1790638342320977,0.16111927575709137,0.16305510992501526,0.17042986298631718,0.15785083845100686,0.15829902235668789,0.16215082189522373,0.6150070529274563,0.601191889542473,0.5941059280448557,0.6344566308830885,0.6350310475431746,0.6159585097882097,0.6071366690009308,0.5930390831958114,0.5858082638822293,0.6269838533202214,0.6275700127399686,0.6081075764278323,1.6140540440877277e-06,4.610999425252279e-05,3.037154674530029e-06,1.262823740641276e-06,1.2602408727010092e-06,1.2521942456563314e-06,1.2578566869099934e-06,4.942377408345541e-05,4.547675450642904e-05,4.562258720397949e-05,4.434029261271159e-05,4.568656285603841e-05
114,10,distance,2.0040649578622833,0.6196212472067922,0.6124714483976132,0.6328989561851883,0.6557204253412972,0.6161524723930539,0.5808629337168085,0.18130322258430026,0.18041506732152443,0.1712896475200315,0.17375563732220536,0.1853904527318584,0.17843080549598397,0.15820418571680303,0.1610059742769083,0.15114374888337434,0.1604491542748799,0.17715963460710832,0.1615925395518148,0.6124714483976132,0.6328989561851883,0.6557204253412972,0.6161524723930539,0.5808629337168085,0.6196212472067922,0.6045492292847876,0.6253943351872706,0.6486823420433339,0.6083055041966599,0.5722945439461129,0.611845190931633,1.443624496459961e-06,0.0012706718444824218,2.0367900530497233e-06,1.3233224550882976e-06,1.2888511021931967e-06,1.2879570325215658e-06,1.2812018394470215e-06,0.0012911335627237956,0.0012592073281606038,0.0012520714600880941,0.0012599047025044759,0.00129104216893514
115,13,distance,2.0022004167743344,0.6119715063042335,0.5965137055992451,0.5921616554936342,0.6219832061173891,0.6506716815173978,0.5985272827935014,0.18146718569684328,0.1838379703604755,0.18357369085183112,0.17542905506903175,0.17787499171451523,0.18043657873853938,0.16287433016608224,0.16603886082402916,0.16575150616836923,0.15060533257970965,0.16925832275675015,0.16290567049898808,0.5965137055992451,0.5921616554936342,0.6219832061173891,0.6506716815173978,0.5985272827935014,0.6119715063042335,0.5882652634649878,0.5838242447030441,0.6142554352032642,0.6435303871020805,0.5903200040771845,0.6040390669101122,1.560330390930176e-06,0.0013197058836619058,2.5789936383565265e-06,1.3454755147298178e-06,1.2973944346110025e-06,1.2897451718648274e-06,1.2900431950887045e-06,0.0012981454531351725,0.0013093149662017822,0.0013257606824239095,0.0013300593694051106,0.0013352489471435546
116,12,distance,2.0,0.6227462767262453,0.6542554741007915,0.613528611663521,0.6368830535111721,0.6178195655623118,0.5912446787934295,0.16617857273497036,0.18833517081209267,0.17380143045737706,0.18371897894927214,0.18070010354712332,0.1785468513001671,0.1539678694288307,0.16813906717822044,0.15420553470316725,0.1595608660722533,0.16357024328592223,0.15988871613367878,0.6542554741007915,0.613528611663521,0.6368830535111721,0.6178195655623118,0.5912446787934295,0.6227462767262453,0.6471874429069406,0.605628004065501,0.6294598791366135,0.6100066776351358,0.5828885223122049,0.6150341052112791,1.667320728302002e-06,4.600469271341959e-05,3.3179918924967447e-06,1.2575586636861165e-06,1.2429555257161457e-06,1.276532808939616e-06,1.2415647506713866e-06,5.016009012858073e-05,4.5040448506673176e-05,4.495739936828613e-05,4.420042037963867e-05,4.566510518391927e-05
117,13,distance,2.0133137219335238,0.6126991297275456,0.6004450640132766,0.6265230528055189,0.6039327854359171,0.621195062479265,0.6113996839037508,0.1850400814231795,0.17377089133930043,0.18759167193836476,0.17905302854150998,0.17507902552040366,0.18010693975255165,0.1675165788043449,0.16404936839256942,0.1611357507425601,0.16115011319431272,0.16184284017139713,0.16313893026103687,0.6004450640132766,0.6265230528055189,0.6039327854359171,0.621195062479265,0.6113996839037508,0.6126991297275456,0.5922769903644849,0.6188880896601463,0.5958360110325628,0.6134511795997952,0.6034555547842363,0.6047815650882451,1.4879902203877766e-06,0.0013339950243632,1.96764866511027e-06,1.326898733774821e-06,1.4203786849975585e-06,1.329978307088216e-06,1.3950467109680176e-06,0.0013250124454498291,0.001300951639811198,0.0013410500685373942,0.0013651196161905924,0.0013378413518269857
118,10,distance,2.000959071575318,0.6145312340654053,0.5591816333568429,0.6541903690428442,0.5896515654497596,0.6325018936048237,0.6371307088727558,0.18605418479892685,0.1722861890934903,0.18615930762816654,0.17781531174176574,0.17352488521972048,0.17916797569641396,0.17461288019028126,0.15265648252654732,0.16898339125121645,0.16362710956124218,0.1535433014981256,0.16268463300548255,0.5591816333568429,0.6541903690428442,0.5896515654497596,0.6325018936048237,0.6371307088727558,0.6145312340654053,0.5501700142772554,0.6471210069108411,0.5812628410637241,0.624989155484309,0.6297125972994561,0.6066511230071172,1.5770792961120607e-06,0.00127026629447937,2.588629722595215e-06,1.3377269109090168e-06,1.3536214828491211e-06,1.2952089309692383e-06,1.3102094332377115e-06,0.001277991533279419,0.0012702719370524089,0.0012676707903544109,0.0012883404890696208,0.0012470567226409912
119,12,uniform,2.003546793201388,0.6088830447417954,0.6102095563376067,0.5984441650261569,0.6231458492110699,0.5916334734127984,0.6209821797213454,0.18210500691791268,0.1760372434801496,0.18220589874317472,0.18478891518683666,0.1791871780481794,0.1808648484752506,0.16316697142102204,0.16161928301719403,0.1628191006778057,0.17255798075761491,0.15742684893927567,0.16351803696258246,0.6102095563376067,0.5984441650261569,0.6231458492110699,0.5916334734127984,0.6209821797213454,0.6088830447417954,0.602241097523384,0.5902351871391278,0.6154418461285023,0.5832852650328215,0.6132339448945245,0.6008874681436721,1.5987753868103028e-06,0.0012938717206319175,2.783834934234619e-06,1.3304750124613443e-06,1.2934207916259765e-06,1.2914339701334636e-06,1.29471222559611e-06,0.0013051132361094158,0.0013104665279388427,0.0012910409768422445,0.0013003488381703695,0.0012623890240987142
120,9,distance,2.9585522721156092,0.5933290209652313,0.6220385407755498,0.6223438586480952,0.5730936737354781,0.597960160113186,0.5512088715538472,0.17785193874003113,0.1779391771859025,0.18521329488099694,0.1804644735089501,0.19750545467864286,0.1837948677989047,0.16325443430378075,0.15766177237565038,0.1695304360630388,0.16113466904561263,0.1860912028020447,0.16753450291802546,0.6220385407755498,0.6223438586480952,0.5730936737354781,0.597960160113186,0.5512088715538472,0.5933290209652313,0.6143119010639766,0.6146234605284651,0.5643664575256413,0.5897412877475271,0.542034265861592,0.5850154745454403,1.7433961232503255e-06,0.001052393913269043,3.3261378606160483e-06,1.3825297355651856e-06,1.3432900110880533e-06,1.3307730356852214e-06,1.3342499732971192e-06,0.0010533634821573894,0.0010344743728637694,0.001075917879740397,0.0010248863697052003,0.0010733274618784587
121,8,distance,2.727595689490638,0.5941397573206867,0.6310549367822822,0.6182696800326332,0.5600612729942994,0.5742183408064379,0.5870945559877812,0.16883615101217192,0.17989272286310112,0.1915902654518303,0.18696306789591657,0.18525898480746564,0.18250823840609712,0.15825578730344983,0.16269310710626178,0.17266179935050396,0.17726041686104554,0.17431403208267582,0.1690370285407874,0.6310549367822822,0.6182696800326332,0.5600612729942994,0.5742183408064379,0.5870945559877812,0.5941397573206867,0.6235126186245095,0.610465993764135,0.5510676363263805,0.5655141160869783,0.578653558835913,0.5858427847275832,1.859446366628011e-06,0.0010461630026499431,4.005233446756999e-06,1.3330578804016112e-06,1.3219316800435385e-06,1.3008713722229003e-06,1.3361374537150066e-06,0.0010483988126118978,0.0010574674606323243,0.0010360427697499593,0.0010234971841176351,0.0010654087861378988
122,7,distance,2.7053134800038166,0.5994201880784913,0.598422990973901,0.571146423810914,0.5961787324955752,0.6077438108189008,0.6236089822931654,0.18007556402718308,0.18533293384349267,0.19026485935967313,0.17480724499963998,0.18040761292479515,0.1821776430309568,0.17239986111348785,0.1737017224172654,0.16597416404370682,0.15983017098848368,0.16279756354428868,0.16694069642144646,0.598422990973901,0.571146423810914,0.5961787324955752,0.6077438108189008,0.6236089822931654,0.5994201880784913,0.5902135802272004,0.5623794001068781,0.5879234425295563,0.5997249449412634,0.6159144470078468,0.5912311629625491,1.6854206720987954e-06,0.0010222442944844564,3.17921241124471e-06,1.3228257497151692e-06,1.3064344724019368e-06,1.313189665476481e-06,1.3054410616556804e-06,0.0010377955436706543,0.000992449919382731,0.0009942201773325602,0.0010360781351725261,0.0010506776968638102
123,7,distance,2.6999049233759456,0.6020412903006989,0.5770226836902815,0.6325956600986424,0.5786820609316831,0.6195830175232413,0.6023230292596466,0.1820124123703842,0.18033027588419803,0.1836889916361547,0.17785001818084933,0.18307463655737385,0.18139126692579205,0.1722709010788021,0.15886038522715468,0.16662521973208846,0.16489130266886115,0.16991609380994319,0.1665127805033699,0.5770226836902815,0.6325956600986424,0.5786820609316831,0.6195830175232413,0.6023230292596466,0.6020412903006989,0.5683757879565223,0.6250848388400116,0.5700690877309679,0.6118061797213314,0.594193346723217,0.59390584819441,1.6811688741048178e-06,0.0010254065195719401,3.1188130378723146e-06,1.3304750124613443e-06,1.3190507888793945e-06,1.3125936190287273e-06,1.3249119122823078e-06,0.00102173646291097,0.0010229392846425375,0.0010282274087270102,0.0010349575678507486,0.0010191718737284341
124,15,distance,7.43217195269365,0.5532465041622027,0.5775180150119512,0.5791484399858827,0.5231040163853766,0.5187472357177926,0.5677148137100103,0.19265022078090938,0.19793635119959063,0.20410995782762406,0.2033009285721382,0.1852587975769141,0.19665125119143528,0.1669940901397962,0.16029372656070506,0.18396535714303233,0.18044042386989506,0.16440760987166142,0.171220241517018,0.5775180150119512,0.5791484399858827,0.5231040163853766,0.5187472357177926,0.5677148137100103,0.5532465041622027,0.5688812453018037,0.5705450009395976,0.5133548651019431,0.5089090190714782,0.5588776378403683,0.5441135536510382,1.5254418055216471e-06,0.0009366535345713297,2.4008750915527344e-06,1.3128916422526042e-06,1.2934207916259765e-06,1.3139843940734864e-06,1.3060371081034342e-06,0.0009323453903198242,0.000946357250213623,0.0009466807047526041,0.0009199583530426025,0.0009379259745279948
125,15,distance,7.089215089237525,0.5587908163355807,0.5681005959453034,0.5567238101080358,0.5820652831988156,0.5739422203594557,0.5131221720662928,0.19080155445167296,0.1976596069002581,0.18188265278455687,0.1960392541994249,0.21059314308416366,0.1953952422840153,0.17087745281808508,0.1715278038266256,0.1648111830578447,0.1660144144084175,0.18004072237139096,0.17065431529647274,0.5681005959453034,0.5567238101080358,0.5820652831988156,0.5739422203594557,0.5131221720662928,0.5587908163355807,0.5592713065949518,0.5476619459194437,0.5735214729746005,0.5652323509289846,0.5031689626366429,0.5497712078109247,1.721024513244629e-06,0.0009410403569539387,3.348688284556071e-06,1.3262033462524414e-06,1.329978307088216e-06,1.3007720311482748e-06,1.2994805971781412e-06,0.0009461490313212076,0.0009333829085032146,0.000928253730138143,0.0009375977516174317,0.0009598183631896973
126,15,distance,7.367502129658442,0.55346389676516,0.5742728035683868,0.5868840556412447,0.4920452841648215,0.5568806184990085,0.5572367219523384,0.19168453778901096,0.19176219449422058,0.2157090214103738,0.1881139101022656,0.1922306215539847,0.19590005706997116,0.167796961369739,0.1638897610305514,0.18908035085540353,0.17255753452411077,0.16796665545625364,0.17225825264721167,0.5742728035683868,0.5868840556412447,0.4920452841648215,0.5568806184990085,0.5572367219523384,0.55346389676516,0.5655696922273659,0.578438755245495,0.48166120138795243,0.5478219599334005,0.5481853431847542,0.5443353903957936,1.6882618268330893e-06,0.0009288760821024577,3.057817618052165e-06,1.3904770215352376e-06,1.3228257497151692e-06,1.3103087743123373e-06,1.3598799705505372e-06,0.0009586811065673828,0.0009240488211313884,0.0009394601980845133,0.0009307952721913656,0.0008913950125376384
127,15,uniform,7.198279203134894,0.5478780567371881,0.538371497402911,0.5670715012664393,0.5425365874143461,0.5271771482288599,0.5642335493733844,0.19795354122059539,0.19763845487819146,0.20162262689264016,0.19902724067106106,0.1973540896178629,0.1987191906560702,0.1742910454326114,0.16611944166522546,0.17659838499085373,0.1695590989729522,0.17102466806425376,0.1715185278251793,0.538371497402911,0.5670715012664393,0.5425365874143461,0.5271771482288599,0.5642335493733844,0.5478780567371881,0.5289344581675361,0.5582211742054466,0.5331846948231572,0.517511263695208,0.5553252062600635,0.5386353594302823,1.5560785929361979e-06,0.0009422691663106282,2.5075674057006836e-06,1.3346473375956217e-06,1.3211369514465332e-06,1.3070305188496908e-06,1.3100107510884602e-06,0.0009660454591115316,0.0009049367904663086,0.000943452517191569,0.0009373418490091959,0.0009595692157745361
128,14,distance,7.291634254642623,0.5616022935834865,0.5564080531792857,0.5357475650776669,0.565173341717897,0.5971013556599523,0.5535811522826302,0.18801187096465172,0.1924535395677627,0.19581601458328915,0.19413135869626436,0.19799637749577015,0.19368183226154762,0.1688606002764859,0.17177994241315103,0.1717031233816576,0.16913228966756977,0.17285442251172245,0.17086607565011735,0.5564080531792857,0.5357475650776669,0.565173341717897,0.5971013556599523,0.5535811522826302,0.5616022935834865,0.5473397339938537,0.5262568849770399,0.5562842107138335,0.5888649268148405,0.5444550429596176,0.5526401598918371,1.688679059346517e-06,0.0009219066301981608,3.1122565269470217e-06,1.3797481854756673e-06,1.325209935506185e-06,1.306931177775065e-06,1.3192494710286458e-06,0.0009432299931844075,0.0009020992120107015,0.0009125280380249024,0.0009337751070658366,0.000917900800704956
129,15,uniform,7.547063370597077,0.5454884443383046,0.541739049243221,0.5636146157795072,0.5453300356691579,0.5499420035600955,0.5268165174395412,0.20245335066204567,0.1931852093347165,0.19955400235785078,0.19846533713424497,0.19949931119887976,0.19863144213754752,0.17391308041682413,0.16954042531487715,0.1737126327849632,0.16994234980682565,0.17627560744809137,0.1726768191543163,0.541739049243221,0.5636146157795072,0.5453300356691579,0.5499420035600955,0.5268165174395412,0.5454884443383046,0.5323708526349052,0.5546936198499571,0.5360352493455292,0.5407414993739305,0.5171432605558521,0.5361968963520349,1.5071233113606771e-06,0.0009496622085571289,2.2403399149576823e-06,1.3718008995056153e-06,1.3107061386108398e-06,1.305540402730306e-06,1.3072292009989422e-06,0.000976107915242513,0.000946885347366333,0.0009242427349090576,0.0009628089269002279,0.000938266118367513
130,6,distance,2.984958254045228,0.5933908899666993,0.5797956270985093,0.5625041876540242,0.6222586054683437,0.6017705234966547,0.6006255061159648,0.18546695221517656,0.19145681202420695,0.181859190896774,0.17721986340529244,0.18196136128366794,0.18359283596502357,0.1650300687131935,0.17821778244193634,0.16191811007364296,0.1696557151638497,0.16612134871358425,0.16818860502124133,0.5797956270985093,0.5625041876540242,0.6222586054683437,0.6017705234966547,0.6006255061159648,0.5933908899666993,0.5712054184531636,0.5535604913198645,0.6145364645239146,0.5936295461235028,0.5924611212324751,0.5850786083305841,1.5598734219868977e-06,0.0009311963717142741,2.58098045984904e-06,1.3356407483418784e-06,1.3004740079243977e-06,1.291036605834961e-06,1.2912352879842123e-06,0.0009375158945719401,0.0009292304515838623,0.000927037000656128,0.0009271637598673503,0.0009350347518920899
131,7,distance,2.970896062677734,0.5970469093460814,0.5720084764655176,0.6195682220831601,0.606870691200303,0.5829481349185606,0.6038390220628658,0.18540013728141413,0.17724270280610738,0.17568526573709883,0.19148246722826834,0.1800342166917858,0.1819689579489349,0.17291861647067672,0.16469449572336106,0.1623619088516394,0.17435453377115798,0.16643775079252165,0.16815346112187135,0.5720084764655176,0.6195682220831601,0.606870691200303,0.5829481349185606,0.6038390220628658,0.5970469093460814,0.5632590756436883,0.611791081819102,0.5988339761992871,0.5744223727703881,0.5957403308614253,0.5888093674587782,1.5347599983215333e-06,0.000983489990234375,2.4506449699401857e-06,1.3169646263122558e-06,1.2987852096557617e-06,1.3023614883422852e-06,1.3050436973571777e-06,0.0009968996047973633,0.0009802663326263427,0.0009993831316630045,0.0009665473302205404,0.000974353551864624
132,15,distance,7.7262915367856975,0.5556448655101688,0.5932895594371994,0.5574289548336757,0.5535221871676415,0.559675673422469,0.5143079526898583,0.1878627575189668,0.19028925791551213,0.19395386951175683,0.19809703920445054,0.208366524628678,0.19571388975587287,0.1657244678907505,0.1676636817798287,0.1770438759947511,0.16550601051703856,0.18089373249995244,0.17136635373646425,0.5932895594371994,0.5574289548336757,0.5535221871676415,0.559675673422469,0.5143079526898583,0.5556448655101688,0.5849752063081473,0.5483815058694579,0.5443948724249017,0.550674153969436,0.5043789840906732,0.5465609445325231,1.7064809799194337e-06,0.0009286762873331706,3.195305665334066e-06,1.3620654741923014e-06,1.3682246208190917e-06,1.3145804405212402e-06,1.2922286987304687e-06,0.0009457015991210937,0.0009459396203358968,0.0009036012490590414,0.0009054430325826009,0.0009426959355672201
133,13,distance,7.518800817372897,0.5570809659142973,0.5569284082172004,0.5663883483621011,0.5476756062509371,0.5509941378753904,0.5634183288658579,0.20109199629484784,0.19241839762495652,0.19174628403567634,0.1903732284494766,0.19825691770468437,0.1947773648219283,0.1637037182140799,0.1702222672322699,0.17558210238628102,0.1691352022158214,0.18041798820162377,0.1718122556500152,0.5569284082172004,0.5663883483621011,0.5476756062509371,0.5509941378753904,0.5634183288658579,0.5570809659142973,0.5478707266134634,0.5575240556540009,0.5384287702628814,0.5418151423975449,0.554493320256642,0.5480264030369064,1.6130407651265463e-06,0.0008980614344278971,2.8093655904134114e-06,1.3048450152079264e-06,1.3064344724019368e-06,1.3194481531778971e-06,1.3251105944315592e-06,0.0008806983629862467,0.0008760992685953776,0.0009233395258585612,0.0009185969829559326,0.0008915730317433675
134,15,distance,7.427376465628897,0.5541214746381169,0.5560933493935966,0.5937135628199113,0.5385235272425872,0.5665420585442178,0.5157348751902715,0.19996431558579664,0.18441233444819546,0.1988345482276964,0.19272416091268604,0.20534049513910171,0.19625517086269526,0.17300258872004795,0.16297171094947727,0.1772907909755643,0.16547671703398503,0.17907140316885245,0.17156264216958542,0.5560933493935966,0.5937135628199113,0.5385235272425872,0.5665420585442178,0.5157348751902715,0.5541214746381169,0.5470185967406547,0.5854078775623967,0.5290895959426061,0.5576809081226345,0.5058350770680964,0.5450064110872777,1.4395713806152344e-06,0.0009301852385203045,1.9470850626627603e-06,1.295606295267741e-06,1.3589859008789063e-06,1.296401023864746e-06,1.2997786204020183e-06,0.0009131717681884765,0.0009271939595540365,0.0009444181124369304,0.0009202937285105388,0.0009458486239115397
135,11,distance,3.2722765298784626,0.5981754699384474,0.6326127216101257,0.5589639527461645,0.5933555076603563,0.5826429522848376,0.6233022153907526,0.1717304322380956,0.18768062311986516,0.1898382260746214,0.19037992316650873,0.17846808251279275,0.18361945742237673,0.1549494015303087,0.16977833753652072,0.16994465186053373,0.1719837021477755,0.16286498014679007,0.16590421464438573,0.6326127216101257,0.5589639527461645,0.5933555076603563,0.5826429522848376,0.6233022153907526,0.5981754699384474,0.6251022491387825,0.549947883637057,0.5850425027062238,0.5741109513093999,0.6156014088910746,0.5899609991365076,1.685520013173421e-06,0.0010511527856190998,3.047982851664225e-06,1.3182560602823894e-06,1.3677279154459635e-06,1.3099114100138346e-06,1.3837218284606934e-06,0.0010312414169311524,0.0010521094004313151,0.001056519349416097,0.001051709254582723,0.0010641845067342122
136,3,distance,3.0280878573355094,0.5511766277267175,0.5576615214715894,0.5712687335931477,0.5505843775415669,0.5493746816722149,0.5269938243550686,0.17908087087237337,0.19475358042714064,0.19009792828129254,0.18790819281483767,0.19706805559330356,0.18978172559778955,0.1781092844527666,0.17886010816500023,0.17397906054711115,0.18292746946146116,0.1855173808461243,0.1798786606944927,0.5576615214715894,0.5712687335931477,0.5505843775415669,0.5493746816722149,0.5269938243550686,0.5511766277267175,0.5486188268509065,0.5625042102594471,0.5413970053618373,0.5401625797643216,0.5173241921442693,0.5420013628761564,1.5733639399210613e-06,0.0007793827056884765,2.5038917859395345e-06,1.3674298922220866e-06,1.3232231140136718e-06,1.3691186904907226e-06,1.3031562169392904e-06,0.0007960255940755209,0.0007729148864746094,0.0007884339491526286,0.0007790561517079671,0.0007604829470316569
137,5,distance,2.843625789243801,0.5882088935956531,0.570031670542894,0.5726846038570339,0.5900411118883653,0.5883938547226335,0.6198932269673387,0.18285785570928112,0.18181644259248284,0.18322032995319557,0.17904641090093132,0.1842430050632681,0.18223680884383178,0.17790294671872922,0.1730334920104733,0.176960042339415,0.16783113612324518,0.1626141858905253,0.17166836061647758,0.570031670542894,0.5726846038570339,0.5900411118883653,0.5883938547226335,0.6198932269673387,0.5882088935956531,0.561241858015662,0.5639490250602441,0.5816603509729656,0.5799794190440501,0.6121227307554274,0.5797906767696699,1.485149065653483e-06,0.0009201920032501221,2.219676971435547e-06,1.3027588526407877e-06,1.3009707132975261e-06,1.2960036595662434e-06,1.3063351313273113e-06,0.0009267938137054444,0.0009282803535461425,0.0009025355180104573,0.0009115676085154216,0.0009317827224731445
138,3,distance,3.2653509971202066,0.5410637805014594,0.5268324731468668,0.5422755346683901,0.5426952820490909,0.5725518267780514,0.520963785864898,0.19462753613859074,0.1990159967965808,0.1895444263197543,0.1859787560840903,0.1912332530641024,0.19207999368062373,0.18565775900081916,0.18496385581724992,0.18178905046084473,0.17392035200034603,0.1829819217086355,0.18186258779757908,0.5268324731468668,0.5422755346683901,0.5426952820490909,0.5725518267780514,0.520963785864898,0.5410637805014594,0.5171595424445881,0.5329183053941493,0.5333466336412359,0.56381353362871,0.5111708819984223,0.531681779421421,1.8676519393920896e-06,0.0007521619796752929,3.1049052874247234e-06,1.3912717501322427e-06,1.6503532727559407e-06,1.8391013145446778e-06,1.3526280721028645e-06,0.0007672520478566487,0.0007396856943766276,0.0007414833704630534,0.0007653133074442545,0.0007470754782358805
139,5,distance,3.098071601628372,0.5820659170404188,0.5894160864102291,0.5666562620632385,0.5489012401126641,0.6144383901175607,0.5909176064984016,0.18482929017784458,0.19592414987232773,0.18983913092087662,0.17667243278077283,0.17635483546835895,0.18472396784403614,0.17597739388117473,0.1796920540591651,0.17709530389073064,0.1632521394826765,0.16403867877634248,0.17201111401801789,0.5894160864102291,0.5666562620632385,0.5489012401126641,0.6144383901175607,0.5909176064984016,0.5820659170404188,0.5810225481426359,0.5577974462962179,0.5396794596720371,0.6065563810569317,0.5825547637010946,0.5735221197737834,1.6010204950968423e-06,0.0008861523469289144,2.667407194773356e-06,1.360476016998291e-06,1.3171633084615071e-06,1.3070305188496908e-06,1.3530254364013671e-06,0.0008764723936716715,0.0009069931507110596,0.0008600064118703207,0.0008885757128397623,0.0008987140655517578
140,3,uniform,6.728940966294182,0.5111047143006859,0.4857571351622202,0.49613714258225794,0.6222931046753304,0.4439199026142102,0.5074162864694111,0.20563284891818112,0.19726710771565556,0.17754853644496899,0.21208902372114832,0.2056143579676241,0.1996303749535156,0.1949184800183059,0.18569133890366515,0.15745633283276306,0.19835209816533172,0.1897575644242067,0.1852351628688545,0.4857571351622202,0.49613714258225794,0.6222931046753304,0.4439199026142102,0.5074162864694111,0.5111047143006859,0.47524450419449726,0.4858367093812138,0.6145716689957801,0.4325519960237,0.4973464320190413,0.5011102621228465,1.5276273091634116e-06,0.0006081500848134359,2.116858959197998e-06,1.4693538347880046e-06,1.3483564058939616e-06,1.3552109400431316e-06,1.3483564058939616e-06,0.0006096994876861572,0.0005958108107248942,0.000625381867090861,0.0006107397874196371,0.0005991184711456299
141,3,distance,6.719161782528548,0.5117221571342188,0.5247163659851501,0.5203146385681154,0.5262597369165483,0.4873831474429149,0.4999368967583647,0.2025390327723446,0.20052421288445624,0.19841896241015472,0.19757735350752356,0.19541997513737844,0.1988959073423715,0.18230638818615694,0.19143955005774674,0.1853779348152658,0.19146007193979342,0.1798270380184273,0.18608219660347802,0.5247163659851501,0.5203146385681154,0.5262597369165483,0.4873831474429149,0.4999368967583647,0.5117221571342188,0.5150001758519676,0.5105084642287925,0.5165750978075169,0.47690375693067466,0.4897141416665426,0.5017403272970988,1.6336043675740562e-06,0.0006045840581258138,2.8116504351298014e-06,1.3612707455952963e-06,1.3329585393269857e-06,1.3332565625508626e-06,1.328885555267334e-06,0.000602497657140096,0.0006207283337910971,0.0006077901522318522,0.0005740880966186524,0.0006178160508473714
142,3,distance,6.197292363785961,0.5131800971454483,0.5514039498683283,0.4924674942025835,0.5330193754478513,0.4451635402009927,0.5438461260074855,0.1958751354981679,0.20771461372537312,0.19411376247177833,0.2041409211487805,0.1931841183989996,0.19900571024861988,0.17537371082459702,0.19513623314209858,0.1769211353174765,0.19732389747694234,0.18322749988627576,0.18559649532947803,0.5514039498683283,0.4924674942025835,0.5330193754478513,0.4451635402009927,0.5438461260074855,0.5131800971454483,0.5422333321484304,0.48209204263602645,0.5234729231571771,0.4338210572068052,0.5345210042222892,0.5032280718741458,1.5789270401000976e-06,0.0006110600630442302,2.460678418477376e-06,1.3655424118041992e-06,1.3328591982523601e-06,1.3881921768188476e-06,1.347362995147705e-06,0.0006027674674987793,0.0006144213676452637,0.0005921375751495361,0.0006263840198516845,0.0006195898850758871
143,3,distance,6.91523760237885,0.5023607271663061,0.5060255001701248,0.5145117499036214,0.5007918441274672,0.48689272148647667,0.5035818201438405,0.18913882344257624,0.20389615956933496,0.2031598249257873,0.20550532225049897,0.20484963837785633,0.20130995371321075,0.1809652759245506,0.17905558270285954,0.19304401607475066,0.19340034015074647,0.1932092309684219,0.18793488916426584,0.5060255001701248,0.5145117499036214,0.5007918441274672,0.48689272148647667,0.5035818201438405,0.5023607271663061,0.49592721397258055,0.5045869475166426,0.49058656666499645,0.47640330523066365,0.4934335779662018,0.49218752227021695,1.6253590583801269e-06,0.0005897885958353678,2.879202365875244e-06,1.3221303621927898e-06,1.3087193171183268e-06,1.2982885042826334e-06,1.3184547424316407e-06,0.0005838700135548909,0.0005883745352427165,0.0005871923764546712,0.0005756465593973795,0.0006138594945271809
144,3,distance,6.5416783516901695,0.5190539723231721,0.48959871209931516,0.5565521267404313,0.4943536459405391,0.5021283901785831,0.552636986656992,0.201248213342745,0.1977278435997954,0.20128262914324513,0.1987935680366007,0.18905095099047237,0.19762064102257168,0.19272237385109098,0.18146674211972516,0.18835633504721858,0.18176987868108557,0.17943939680930546,0.18475094530168515,0.48959871209931516,0.5565521267404313,0.4943536459405391,0.5021283901785831,0.552636986656992,0.5190539723231721,0.47916461422059586,0.5474867528407468,0.4840167528422197,0.491950435633682,0.5434915758220412,0.5092220262718571,1.5371441841125487e-06,0.0006067363421122233,2.3079911867777505e-06,1.3518333435058594e-06,1.3355414072672526e-06,1.3418992360432942e-06,1.3484557469685873e-06,0.0005825253327687582,0.0006152288118998209,0.0006067272027333577,0.0006224735577901204,0.0006067268053690592
145,3,uniform,6.398600481078305,0.5159023671449383,0.4851791386074291,0.5348780087939438,0.5158788928163769,0.5634211098255575,0.4801546856813843,0.20531023562757852,0.19429293250070315,0.19911939502446663,0.18934284422013892,0.2017289960557433,0.19795888068572612,0.1929298953628023,0.18246156467640628,0.18331596720586038,0.1817671022997301,0.1888990904820872,0.18587472400537725,0.4851791386074291,0.5348780087939438,0.5158788928163769,0.5634211098255575,0.4801546856813843,0.5159023671449383,0.47465469169650776,0.5253695524149443,0.5059820388364732,0.5544961580673066,0.46952752423023714,0.5060059930490939,1.5193223953247071e-06,0.0005991258621215821,2.3248791694641115e-06,1.318951447804769e-06,1.336336135864258e-06,1.3082226117451986e-06,1.3082226117451986e-06,0.0006087239583333333,0.0006064220269521078,0.0006003308296203613,0.0005884468555450439,0.0005917056401570638
146,3,uniform,7.046315464039844,0.5067905243657169,0.547312121420743,0.4968954059770496,0.5212567783531115,0.5322559231351528,0.43623239294252714,0.1952595391158969,0.2067633069610195,0.19628702346831586,0.19305618426012483,0.21242553914865903,0.20075831859080323,0.1792151097696002,0.18587851222727975,0.18769275029373744,0.17750703775886134,0.20208172593079085,0.18647502719605394,0.547312121420743,0.4968954059770496,0.5212567783531115,0.5322559231351528,0.43623239294252714,0.5067905243657169,0.5380578547376917,0.48661047390162304,0.5114698641116078,0.5226938636421746,0.4247073311287458,0.4967078775043686,1.6315182050069175e-06,0.0005855549176534017,2.9328465461730956e-06,1.3111035029093424e-06,1.3041496276855468e-06,1.3045469919840495e-06,1.3049443562825521e-06,0.0005652586619059245,0.0005899115403493246,0.0006020196278889974,0.000570677916208903,0.000599906841913859
147,3,uniform,6.488090962404752,0.49678883770859344,0.4533351634839812,0.5122407640260241,0.5669469625041716,0.46255561453741145,0.48886568399137864,0.20660304957455047,0.1999874801204694,0.18776808072486947,0.204873603946045,0.21606374180025276,0.20305919123323743,0.20380481367788766,0.18851658050860878,0.16748238588513661,0.19775382959051233,0.18197909239112436,0.187907340410654,0.4533351634839812,0.5122407640260241,0.5669469625041716,0.46255561453741145,0.48886568399137864,0.49678883770859344,0.442159732413807,0.5022695360333704,0.5580940895059605,0.4515686765041047,0.4784166008702484,0.4865017270654982,1.580675443013509e-06,0.0005956525007883709,2.58098045984904e-06,1.394351323445638e-06,1.3022621472676595e-06,1.2980898221333821e-06,1.327693462371826e-06,0.0005875245730082194,0.0005835362275441487,0.0006220666567484538,0.0005908377965291341,0.0005942972501118978
148,3,distance,6.664719327544699,0.4996440594981711,0.46367925752702066,0.5305632374813402,0.4752848044249053,0.5332103308290796,0.49548266722850975,0.2120082694897998,0.19997321515562158,0.20420099462063998,0.19695399445156728,0.19949443607625708,0.20252618195877714,0.18834328592006186,0.18548062969510454,0.18990669617190772,0.1843387150419841,0.19009762287570792,0.1876333899409532,0.46367925752702066,0.5305632374813402,0.4752848044249053,0.5332103308290796,0.49548266722850975,0.4996440594981711,0.4527152900488678,0.5209665745337696,0.4645580883313769,0.5236677822259262,0.4851688546335219,0.4894153179546925,1.5655159950256346e-06,0.0006009093920389812,2.4507443110148112e-06,1.3645490010579428e-06,1.341402530670166e-06,1.341402530670166e-06,1.3294816017150879e-06,0.0005972663561503093,0.0006113274892171224,0.0005935255686442057,0.0005995281537373861,0.0006028993924458822
149,3,uniform,7.230577777752604,0.4911835822407637,0.4568200629627148,0.5418243504477174,0.45035579702513073,0.49593524666053723,0.5109824541077184,0.2074718725290182,0.19140256935132005,0.20444431450068226,0.20848275205002045,0.20283802938831424,0.20292790756387102,0.19123230107615802,0.1749015056635388,0.1958808937946694,0.19220201254559108,0.19769294944857876,0.1903819325057072,0.4568200629627148,0.5418243504477174,0.45035579702513073,0.49593524666053723,0.5109824541077184,0.4911835822407637,0.44571587344917574,0.5324578976459671,0.4391194589745371,0.48563068611526705,0.5009855025732934,0.48078188375164804,1.5156666437784832e-06,0.0005933109919230144,2.225339412689209e-06,1.3541181882222494e-06,1.3337532679239908e-06,1.3270974159240723e-06,1.338024934132894e-06,0.0005868875980377197,0.0005984401702880859,0.000575016736984253,0.0005901547273000082,0.0006160557270050049
150,3,distance,7.055736693224897,0.5123974090839962,0.5125651967498539,0.517007087616894,0.5144114404997522,0.5257133192683733,0.49229000128510747,0.20087999850411228,0.19936611368389057,0.1989547128654832,0.19930419445516903,0.1964933427208941,0.19899967244590983,0.1919080919185721,0.18221519832391303,0.17922989619731608,0.18057926234249794,0.1968799158257124,0.18616247292160232,0.5125651967498539,0.517007087616894,0.5144114404997522,0.5257133192683733,0.49229000128510747,0.5123974090839962,0.502600601112713,0.5071332972444966,0.5044845874946363,0.5160175097815257,0.48191092124323576,0.5024293833753214,1.4620621999104818e-06,0.0005919465223948161,1.950661341349284e-06,1.358489195505778e-06,1.3326605161031088e-06,1.3312697410583497e-06,1.3372302055358886e-06,0.0006054155031840006,0.0005957786242167155,0.0005843651294708252,0.0005723289648691813,0.0006018443902333577
151,3,uniform,6.740620150670827,0.5199337507717274,0.5703249746839585,0.5318970492289365,0.49078132298215094,0.4783363392255383,0.5283290677380529,0.19239383941579238,0.18771919706969736,0.205152634717878,0.2078017477312923,0.20240384026882657,0.19909425184069734,0.17766321092922052,0.1817464650343059,0.17864810571085282,0.1939117326744693,0.1823426231393091,0.1828624274976315,0.5703249746839585,0.5318970492289365,0.49078132298215094,0.4783363392255383,0.5283290677380529,0.5199337507717274,0.5615411581527958,0.5223276533017598,0.480371401135108,0.4676720054447997,0.5186867318144697,0.5101197899697866,1.5723903973897298e-06,0.0005905544757843018,2.5850534439086913e-06,1.3814369837443033e-06,1.3096133867899577e-06,1.2912352879842123e-06,1.2946128845214843e-06,0.0005942233403523763,0.0005794171492258707,0.0005766542752583822,0.0006014307339986166,0.000601046880086263
152,3,distance,6.740631238810589,0.5069531037512512,0.49472273306463577,0.43935358329820196,0.5053929864171316,0.5451955392521506,0.5501006767241363,0.19948011536255958,0.21677454701210516,0.20221739748783837,0.1917059746403313,0.1946966321980293,0.20097493334017275,0.18617899382104106,0.2034757881753124,0.1810421721031055,0.18022214984820437,0.17978439451380718,0.18614069969229413,0.49472273306463577,0.43935358329820196,0.5053929864171316,0.5451955392521506,0.5501006767241363,0.5069531037512512,0.48439338518861463,0.42789232776085684,0.49528176978511385,0.535898003427663,0.540903416282381,0.49687378048892594,1.5642444292704264e-06,0.0005962430636088053,2.3732582728068036e-06,1.4505783716837565e-06,1.3639529546101888e-06,1.315772533416748e-06,1.3176600138346354e-06,0.0005947649478912354,0.0006208264827728271,0.0006027050813039144,0.0005795657634735107,0.0005833530426025391
153,3,uniform,6.740311552850857,0.4941185946519859,0.5226204946329911,0.4716952811430807,0.44645315097481386,0.5051090664097085,0.5247149800993356,0.2058136753710268,0.19634748663949822,0.20663181782486248,0.2069466411161629,0.19952247280801494,0.20305241875191307,0.18326289066237633,0.19644754361430158,0.20043597100335186,0.18162423821434368,0.1836560280357829,0.1890853343060313,0.5226204946329911,0.4716952811430807,0.44645315097481386,0.5051090664097085,0.5247149800993356,0.4941185946519859,0.5128614587481459,0.46089518467581825,0.4351370314036005,0.4949920456208099,0.5149987616345861,0.4837768964165921,1.421054204305013e-06,0.0005945856571197511,1.8886725107828776e-06,1.313487688700358e-06,1.2954076131184896e-06,1.2978911399841308e-06,1.309812068939209e-06,0.000604327917098999,0.0005815096696217854,0.0005765227476755778,0.0006031020482381185,0.0006074659029642741
154,3,distance,6.738539123142743,0.5115401718474841,0.4849829280857103,0.5258361509746421,0.5072647246820405,0.5247549838106584,0.5148620716843693,0.20981697660012094,0.19712189894821666,0.19683514256458912,0.19512348066687896,0.19931342082034373,0.1996421839200299,0.19548780784754288,0.182764203814174,0.17993304536205926,0.18466181384029218,0.18614468316801022,0.1857983108064157,0.4849829280857103,0.5258361509746421,0.5072647246820405,0.5247549838106584,0.5148620716843693,0.5115401718474841,0.4744544700567981,0.5161428525277865,0.4971917718646376,0.5150395831389853,0.5049444309010855,0.5015546216978586,1.6834139823913575e-06,0.0005943289597829183,3.1557679176330567e-06,1.3628602027893065e-06,1.3017654418945312e-06,1.3042489687601726e-06,1.29242738087972e-06,0.0006055521965026855,0.0005937298138936361,0.0005923517545064291,0.0005828456083933512,0.0005971654256184895
155,3,uniform,6.7402912535583015,0.5030681841845305,0.49573461239090366,0.4397778471491539,0.5250433590057615,0.5530656150955651,0.5017194872812686,0.20322293198776276,0.20745379530297495,0.19329270657102013,0.19554664210175118,0.2036246188216044,0.20062813895702267,0.1966829979211916,0.19442955942233048,0.18469265851424607,0.17836034654898,0.18488984519928026,0.18781108152120568,0.49573461239090366,0.4397778471491539,0.5250433590057615,0.5530656150955651,0.5017194872812686,0.5030681841845305,0.48542595029327307,0.4283252648080804,0.5153338535680598,0.5439289666818459,0.4915331735629981,0.4929094417828515,1.441935698191325e-06,0.0005848369598388673,1.994967460632324e-06,1.307527224222819e-06,1.3118982315063477e-06,1.2965997060139974e-06,1.2986858685811361e-06,0.0005887977282206218,0.0005814536412556967,0.0005945912996927897,0.0005800775686899821,0.0005792645613352458
156,3,distance,5.79787808428356,0.5015677523045644,0.4968085116826991,0.5555237424560611,0.4575147346873335,0.4913727188820429,0.5066190538146855,0.20498863460165884,0.19328808098977363,0.20253351185151597,0.19831187298284988,0.20459584101783299,0.20074358828872624,0.18772066334587345,0.1822272379731767,0.1964687850783191,0.18640370550266136,0.19028271648582007,0.18862062167717014,0.4968085116826991,0.5555237424560611,0.4575147346873335,0.4913727188820429,0.5066190538146855,0.5015677523045644,0.4865218032332824,0.5464373453682804,0.44642474629934026,0.4809748869000745,0.49653290159283925,0.49137833667876335,1.7483234405517579e-06,0.0006088002522786457,3.412961959838867e-06,1.378655433654785e-06,1.3150771458943684e-06,1.3236204783121745e-06,1.3113021850585938e-06,0.000610807736714681,0.0006166640917460123,0.0005811723073323567,0.0006180719534556071,0.0006172851721445719
157,3,uniform,5.884700186739037,0.5136886395373843,0.5056591142528535,0.5332437184740138,0.4969649868677595,0.5478856288573344,0.48468974923496033,0.1934851514893541,0.19626669982100012,0.20825652544041245,0.19746354362508628,0.20280987938409661,0.1996563599519899,0.18179319665005614,0.1756679417823055,0.19544391752571555,0.18278561250843178,0.1872383589078364,0.18458580547486908,0.5056591142528535,0.5332437184740138,0.4969649868677595,0.5478856288573344,0.48468974923496033,0.5136886395373843,0.49555333805359325,0.5237018524121537,0.48668147722962163,0.5386430863467517,0.47415529777127974,0.50374701036268,1.7283360163370766e-06,0.000622996727625529,2.318720022837321e-06,1.3466676076253255e-06,1.3316671053568521e-06,2.264579137166341e-06,1.3800462086995442e-06,0.0006181017557779948,0.0006341075897216797,0.0006344187259674073,0.0006266295909881592,0.000601725975672404
158,3,distance,6.280424501581821,0.5098676692225841,0.4626014681112669,0.5223908680616562,0.5442693795700062,0.5334568106488722,0.48661981972111845,0.2159419908133601,0.205161761300379,0.1855394733032838,0.1874940475637943,0.2045972145119393,0.1997468974985513,0.19336514416382827,0.19257638174003436,0.18012239540576375,0.1765343946600072,0.18971624011742944,0.1864629112174126,0.4626014681112669,0.5223908680616562,0.5442693795700062,0.5334568106488722,0.48661981972111845,0.5098676692225841,0.45161546745936776,0.512627137936852,0.5349529103278257,0.523919300815459,0.4761248245535774,0.4998479282186164,1.5596548716227214e-06,0.0006115899085998535,2.445876598358154e-06,1.3455748558044433e-06,1.3347466786702475e-06,1.3345479965209961e-06,1.3375282287597657e-06,0.0006125958760579427,0.0006037108103434244,0.0006032160917917887,0.000618736743927002,0.0006196900208791097
159,13,distance,3.1597285631331413,0.5944039066101157,0.627003786789239,0.6172071792436342,0.581519309727895,0.5814364449409866,0.564852812348824,0.1808263362250879,0.1870316872049608,0.1776365593883006,0.1863575683746354,0.19151892600473766,0.1846742154395445,0.15721034328954625,0.16515237011635467,0.1673327420031238,0.16887242380347617,0.17282838405393197,0.16627925265328658,0.627003786789239,0.6172071792436342,0.581519309727895,0.5814364449409866,0.564852812348824,0.5944039066101157,0.6193786512551178,0.6093817723457187,0.5729643382061484,0.572879779420189,0.5559571287852565,0.5861123340024861,1.6205906867980957e-06,0.0011179267565409343,2.7771790822347005e-06,1.3526280721028645e-06,1.340508460998535e-06,1.3422966003417968e-06,1.2903412183125814e-06,0.0011462493737538655,0.001138674815495809,0.0011289517084757488,0.0010816991329193116,0.0010940587520599364
160,8,uniform,2.013436508131015,0.6130685902027082,0.6233249813229503,0.5797868793339345,0.6356981010079924,0.5996294843135413,0.6269035050351224,0.17007840016812645,0.18443072266242708,0.17195901224387583,0.18975888302922206,0.17743353343974788,0.17873211030867986,0.15595802833091424,0.1769708551945868,0.15973442670411628,0.1709333358004736,0.1580277358708782,0.1643248763801938,0.6233249813229503,0.5797868793339345,0.6356981010079924,0.5996294843135413,0.6269035050351224,0.6130685902027082,0.6156246402256342,0.5711964918586486,0.6282507027321762,0.5914447378259136,0.6192763194481061,0.6051585784180957,1.4601548512776693e-06,0.0012094472249348958,2.091626326243083e-06,1.3400117556254068e-06,1.2955069541931152e-06,1.29014253616333e-06,1.2834866841634116e-06,0.0012161986033121745,0.001223781903584798,0.001206804911295573,0.0011934125423431396,0.001207038164138794
161,7,uniform,2.014630882004476,0.6088109870633476,0.6418774364986084,0.6112787621769912,0.6502582974722753,0.5826001592311305,0.5580402799377326,0.17137173369105957,0.17898327229934263,0.1739840584087788,0.1814334289263846,0.19253052892346306,0.17966060444980575,0.15381401055463106,0.16700437077054572,0.15188111357743322,0.16811450278682818,0.1819761521079937,0.16455802995948637,0.6418774364986084,0.6112787621769912,0.6502582974722753,0.5826001592311305,0.5580402799377326,0.6088109870633476,0.6345563619466208,0.6033321610630626,0.6431085522757971,0.5740672834402848,0.5490053282499179,0.6008139373951366,1.5978415807088216e-06,0.0011777028242746987,2.7108192443847654e-06,1.3536214828491211e-06,1.295804977416992e-06,1.341700553894043e-06,1.2872616449991863e-06,0.0011659324169158935,0.0011853245894114176,0.001170509656270345,0.0011897822221120199,0.0011769652366638184
162,9,distance,2.0,0.6222455289175887,0.6210507740861253,0.6047969562515718,0.623184863616526,0.6470665876804919,0.6151284629532286,0.17662374531745356,0.17999364389287845,0.17076586710701827,0.16915805135549808,0.18802813320768463,0.1769138881761066,0.1622436324393385,0.16800306334069548,0.15331334702529836,0.15958079130449376,0.1651662145998645,0.16166140974193813,0.6210507740861253,0.6047969562515718,0.623184863616526,0.6470665876804919,0.6151284629532286,0.6222455289175887,0.6133039415291126,0.5967178480318425,0.6154816581027241,0.6398515945836706,0.6072605610033799,0.6145231206501459,1.6416509946187338e-06,4.344789187113444e-05,3.18676233291626e-06,1.2663006782531739e-06,1.2482206026713053e-06,1.2527902921040854e-06,1.2541810671488445e-06,4.4234593709309895e-05,4.2953888575236e-05,4.419366518656413e-05,4.247943560282389e-05,4.337787628173828e-05
163,9,distance,2.0,0.6230295425889862,0.5604037242143299,0.6530970630492496,0.6553594651393186,0.6026060929123731,0.6436813676296606,0.19696120938604064,0.16781656161752156,0.17353081271252088,0.18057366543975475,0.16798588437057266,0.17737362670528212,0.17235639855117058,0.15441152697439592,0.15888258114193513,0.16396917862412916,0.1549910010683671,0.1609221372719996,0.5604037242143299,0.6530970630492496,0.6553594651393186,0.6026060929123731,0.6436813676296606,0.6230295425889862,0.5514170882527831,0.6460053505391832,0.6483140027571582,0.594482197026425,0.6363971707157865,0.6153231618582672,1.611928145090739e-06,4.40981388092041e-05,2.9180447260538735e-06,1.3615687688191732e-06,1.2703736623128255e-06,1.2577573458353678e-06,1.2518962224324545e-06,4.735231399536133e-05,4.371802012125651e-05,4.3140649795532225e-05,4.334529240926107e-05,4.293441772460938e-05
164,9,distance,2.0,0.6274581455326974,0.6221954226364045,0.60202585570164,0.5926338996122321,0.6753441319113545,0.6450914178018563,0.1776519057974602,0.18308304500484535,0.18049843186459813,0.16468863670057995,0.1746112336725668,0.1761066506080101,0.16563373588932145,0.1660842060198271,0.16507297535829066,0.15410257848072018,0.15053843143562542,0.16028638543675694,0.6221954226364045,0.60202585570164,0.5926338996122321,0.6753441319113545,0.6450914178018563,0.6274581455326974,0.6144719900497552,0.5938900980669206,0.5843061428751739,0.6687072146761521,0.6378360464451651,0.6198422984226334,1.553495724995931e-06,4.3821414311726887e-05,2.7549266815185546e-06,1.2560685475667318e-06,1.2573599815368652e-06,1.2513995170593262e-06,1.247723897298177e-06,4.78061040242513e-05,4.293481508890788e-05,4.3121576309204104e-05,4.256208737691244e-05,4.2682488759358726e-05
165,9,uniform,2.010933358472509,0.6082646019348689,0.5909970752870187,0.6074285962854167,0.578738789582588,0.6235448664376264,0.6406136820816943,0.1798724751563201,0.17575817212558134,0.19376550949952714,0.17755527438915736,0.17518393040054359,0.1804270723142259,0.1698796302290808,0.16132465495568857,0.17035311939051562,0.16246093605958464,0.1551335352663644,0.16383037518024685,0.5909970752870187,0.6074285962854167,0.578738789582588,0.6235448664376264,0.6406136820816943,0.6082646019348689,0.5826358570646069,0.5994032864990879,0.5701269760817209,0.6158490204363514,0.6332667726864308,0.6002563825536396,1.5956163406372072e-06,0.0012345271905263265,2.765953540802002e-06,1.3439853986104329e-06,1.2925267219543456e-06,1.2894471486409505e-06,1.286168893178304e-06,0.0012493765354156495,0.0012127872308095296,0.0012390025456746419,0.0012243902683258057,0.0012470793724060059
166,9,distance,2.0,0.6216195654257202,0.6202401871498961,0.6446950742185507,0.6286477236081964,0.6170137518440353,0.5975010903079219,0.18034765572491002,0.1719172161651323,0.17567063128887064,0.1764705985128042,0.17910510598778415,0.17670224153590025,0.16068533314112804,0.15328358462884278,0.1597059276273751,0.1632924993968548,0.17174955245654086,0.16174337945014833,0.6202401871498961,0.6446950742185507,0.6286477236081964,0.6170137518440353,0.5975010903079219,0.6216195654257202,0.6124767838207629,0.6374316004376692,0.6210561949596416,0.6091843907233001,0.5892728332102986,0.6138843606303345,1.5033682187398274e-06,4.3199380238850915e-05,2.514024575551351e-06,1.2674927711486817e-06,1.2511014938354491e-06,1.2445449829101562e-06,1.2396772702534993e-06,4.507064819335937e-05,4.309733708699544e-05,4.272977511088053e-05,4.234512646993001e-05,4.275401433308919e-05
167,9,distance,2.0,0.6215815486207987,0.6400562824641709,0.5881064032401568,0.622103398916808,0.6549167610793009,0.6027248974035571,0.17481863428630276,0.18216088609765105,0.18074487438775008,0.16020063891042444,0.18687868007809716,0.1769607427520451,0.15783035306146886,0.1698262566757342,0.16798923462716367,0.14871246999893714,0.16718064624387907,0.1623077921214366,0.6400562824641709,0.5881064032401568,0.622103398916808,0.6549167610793009,0.6027248974035571,0.6215815486207987,0.6326979781874589,0.5796860912109948,0.6143780850956866,0.6478622485289629,0.5946034302295241,0.6138455666505255,1.5573700269063316e-06,4.3747027715047196e-05,2.7927756309509275e-06,1.2621283531188965e-06,1.246035099029541e-06,1.2430548667907715e-06,1.2428561846415202e-06,4.721562067667643e-05,4.295945167541504e-05,4.286011060078939e-05,4.260102907816569e-05,4.3098926544189456e-05
168,8,uniform,2.0048547489108435,0.6059632202346006,0.5664167002474154,0.6373586582662896,0.6247984652358369,0.591301386792802,0.6099408906306589,0.1851841267423956,0.18083446921890362,0.18095631966242717,0.1792528512333578,0.17905731652829773,0.18105701667707635,0.17197840031213565,0.1556350330701764,0.16334136282855108,0.16867654223468112,0.1636739362582963,0.1646610549407681,0.5664167002474154,0.6373586582662896,0.6247984652358369,0.591301386792802,0.6099408906306589,0.6059632202346006,0.5575529871349265,0.6299452066465203,0.6171282464672339,0.5829463895892477,0.6019669395021545,0.5979079538680165,2.326667308807373e-06,0.0012268295288085935,2.336303393046061e-06,1.3863046964009603e-06,5.164543787638346e-06,1.3886888821919758e-06,1.3574957847595214e-06,0.0012491357326507569,0.0012165037790934244,0.0012019519011179606,0.0012570826212565105,0.0012094736099243163
169,7,uniform,2.0029849754428213,0.6174150826198846,0.6391158364332707,0.6260130892114459,0.6334332135635583,0.6056253752558916,0.5828878986352567,0.17360511649905708,0.17373297490099035,0.17358620446049963,0.18176936080070535,0.18380692985074445,0.1773001173023994,0.1608261686879286,0.15413521374421055,0.1654106220060116,0.1699662384007247,0.16903978696292835,0.16387560596036074,0.6391158364332707,0.6260130892114459,0.6334332135635583,0.6056253752558916,0.5828878986352567,0.6174150826198846,0.6317383066840361,0.6183677009159388,0.6259395143519104,0.5975632023480051,0.574360905080952,0.6095939258761686,1.7304221789042155e-06,0.0011871461073557537,3.3653775850931803e-06,1.3440847396850586e-06,1.2881557146708171e-06,1.2920300165812174e-06,1.362462838490804e-06,0.0011986827850341798,0.0011768035093943279,0.0012061695257822673,0.0011737990379333497,0.0011802756786346437
170,7,uniform,2.0017919554904857,0.6160177317737319,0.6234324478307816,0.631482846664752,0.614042453327169,0.6303138650100446,0.5808170460359126,0.18017977821491993,0.17458156587052379,0.1823618783923144,0.1692581510939115,0.18411505540689924,0.17809928579571377,0.16740737454898386,0.15907810051720514,0.16331245532516062,0.16087230369813182,0.16698213252795027,0.16353047332348633,0.6234324478307816,0.631482846664752,0.614042453327169,0.6303138650100446,0.5808170460359126,0.6160177317737319,0.6157343036637788,0.6239492762388184,0.6061523501583888,0.6227563971737934,0.5722477181865615,0.6081680090842682,1.6484061876932781e-06,0.0011804628372192383,3.0256311098734536e-06,1.3430913289388022e-06,1.2940168380737305e-06,1.2906392415364583e-06,1.2886524200439454e-06,0.0011863438288370767,0.0011601829528808593,0.0011842095851898194,0.001196517546971639,0.001175060272216797
171,9,distance,2.0,0.6214500942659105,0.6057497683160611,0.6739919878254161,0.6323583993953958,0.6137553346869012,0.581394981105778,0.1756474241138914,0.16925901921492476,0.17999897103262313,0.17776217262425822,0.1836488114749863,0.1772632796921368,0.16314255988213247,0.14650519540172594,0.16312203646865614,0.16308895685604594,0.17292749336108318,0.16175724839392874,0.6057497683160611,0.6739919878254161,0.6323583993953958,0.6137553346869012,0.581394981105778,0.6214500942659105,0.5976901383668154,0.6673274288031077,0.6248427278327804,0.6058593619718123,0.5728374679426935,0.6137114249834419,1.4905333518981934e-06,4.3816963831583666e-05,2.4376312891642254e-06,1.2632211049397785e-06,1.2554725011189778e-06,1.2438495953877766e-06,1.2524922688802082e-06,4.746119181315104e-05,4.305362701416016e-05,4.218300183614095e-05,4.255811373392741e-05,4.382888476053874e-05
172,10,uniform,2.0035305679434137,0.6236132539225485,0.6368669806482657,0.6250472641052223,0.6171139225971155,0.6303125073342185,0.6087255949279206,0.17487572615831018,0.1740995479700398,0.18602432378897554,0.1678556297317536,0.18821861672210113,0.17821476887423604,0.1535648813594366,0.16079967799865055,0.16516290450760301,0.1545636203443084,0.166840448813157,0.16018630660463112,0.6368669806482657,0.6250472641052223,0.6171139225971155,0.6303125073342185,0.6087255949279206,0.6236132539225485,0.6294434776972933,0.6173821315145284,0.6092866092600889,0.6227550117430952,0.6007267995942495,0.615918805961851,1.6345779101053875e-06,0.001262852668762207,2.932449181874593e-06,1.388986905415853e-06,1.2894471486409505e-06,1.2806057929992675e-06,1.2814005215962729e-06,0.0012621764341990153,0.0012428351243336994,0.0012662172317504882,0.0012775639692942302,0.001265470584233602
173,9,uniform,2.0058379440215983,0.6116602997163051,0.6462960128680231,0.6127432060548526,0.5884570170404588,0.5915414883476083,0.6192637742705827,0.1665598460508813,0.18254441963145301,0.18237506998557465,0.18676619016348006,0.1793291663997134,0.1795149384462205,0.15620424648183445,0.16679728285422207,0.16638257313155072,0.17033362298130827,0.16116342384277343,0.1641762298583378,0.6462960128680231,0.6127432060548526,0.5884570170404588,0.5915414883476083,0.6192637742705827,0.6116602997163051,0.6390652669641326,0.6048265424648325,0.5800438725847272,0.5831913995233686,0.6114804102011567,0.6037214983476435,2.1956761678059896e-06,0.001245338201522827,2.9344360033671063e-06,1.3472636540730793e-06,1.297295093536377e-06,1.4312068621317546e-06,3.968179225921631e-06,0.00123396635055542,0.0012430262565612793,0.0012677248318990072,0.001248047351837158,0.0012339262167612712
174,7,uniform,2.000372118535153,0.6171225243082479,0.6060299991918603,0.6123416347452418,0.5982120649707312,0.6394164351107378,0.6296124875226679,0.17391701805299634,0.18669123080016695,0.17808390356554923,0.17539208487005808,0.17059927328288482,0.17693670211433107,0.16818033712782404,0.1702290881146049,0.16594188679668884,0.1594028707378116,0.15786572497606655,0.16432398155059919,0.6060299991918603,0.6123416347452418,0.5982120649707312,0.6394164351107378,0.6296124875226679,0.6171225243082479,0.5979760979828352,0.6044167618609878,0.5899983422784804,0.6320450504792707,0.6220406814754311,0.6092953868154011,1.8433729807535807e-06,0.001191398620605469,3.9927164713541665e-06,1.3483564058939616e-06,1.2974937756856283e-06,1.2877583503723145e-06,1.2905399004618327e-06,0.0011924485365549724,0.0012038981914520264,0.0011853079001108806,0.0012010415395100912,0.0011742969353993734
175,8,uniform,2.0,0.6108802016690436,0.6154988399932925,0.6367631449558183,0.6180158197082984,0.6015825305007054,0.5825406731871027,0.17456744956526074,0.18163584155139478,0.1670876584420997,0.18925846101126173,0.18643241581709816,0.17979636527742301,0.15456171022309342,0.16401220131629196,0.15578119670584945,0.17402444062085962,0.17008733777133933,0.16369337732748676,0.6154988399932925,0.6367631449558183,0.6180158197082984,0.6015825305007054,0.5825406731871027,0.6108802016690436,0.607638509635404,0.6293375192990378,0.6102069437909212,0.593437709999868,0.5740065813272138,0.6029254528104889,1.5696088473002115e-06,4.259936014811198e-05,2.841949462890625e-06,1.2636184692382812e-06,1.2492140134175618e-06,1.2442469596862793e-06,1.2490153312683104e-06,4.39608097076416e-05,4.279255867004395e-05,4.212617874145508e-05,4.188696543375651e-05,4.223028818766276e-05
176,8,uniform,2.0,0.6195532098673705,0.61600853658403,0.6626657973655361,0.6179577141504313,0.6064037247356391,0.594730276501216,0.17827000985510405,0.16420052708184585,0.18472981333685734,0.1806166026818648,0.18132800267878021,0.17782899112689043,0.1659594701971884,0.1514151607454213,0.16215325362246233,0.16030189771797737,0.17096099711374554,0.162158155879359,0.61600853658403,0.6626657973655361,0.6179577141504313,0.6064037247356391,0.594730276501216,0.6195532098673705,0.6081586259179455,0.6557696978227532,0.6101476503851931,0.5983574635718021,0.5864453758504743,0.6117757627096336,1.6172329584757486e-06,4.2939503987630204e-05,3.0877192815144858e-06,1.2604395548502605e-06,1.245439052581787e-06,1.2459357579549153e-06,1.2466311454772949e-06,4.752238591512044e-05,4.2607784271240236e-05,4.0755669275919595e-05,4.1346152623494464e-05,4.2465527852376305e-05
177,6,uniform,2.0010487287729655,0.6076160688606045,0.6438120549561848,0.5602319239418119,0.6205262525278697,0.5930147753516737,0.6204953375254822,0.17084014576004974,0.19278488555399434,0.17817899676258359,0.18151944105570605,0.1790602499044089,0.18047674380734852,0.15433251042036097,0.17881099599707515,0.16670466114677382,0.16095160933237856,0.1629373895267126,0.1647474332846602,0.6438120549561848,0.5602319239418119,0.6205262525278697,0.5930147753516737,0.6204953375254822,0.6076160688606045,0.6365305296741988,0.5512417758792936,0.6127686972132776,0.5846948048307539,0.6127371502176556,0.5995945915630359,1.5228986740112307e-06,0.0011532212893168134,2.3723642031351727e-06,1.357098420461019e-06,1.3008713722229003e-06,1.2914339701334636e-06,1.292725404103597e-06,0.0011609335740407308,0.0011515359083811441,0.0011352606614430745,0.0011572293440500895,0.0011611469586690266
178,8,uniform,2.0,0.6187847040176437,0.5943221237519423,0.6562325383494372,0.5892471279783249,0.6661988977612389,0.5879228322472754,0.1763836999566117,0.16750507972665668,0.18991543980392667,0.16880967238880756,0.1842786407379884,0.17737850652279818,0.17003028771067652,0.14416292053349128,0.18092784516247631,0.15491556836011156,0.1649938007347904,0.16300608450030923,0.5943221237519423,0.6562325383494372,0.5892471279783249,0.6661988977612389,0.5879228322472754,0.6187847040176437,0.5860288792630552,0.64920492414193,0.5808501357053093,0.6593750251430699,0.5794987674891277,0.6109915463484985,1.6854405403137206e-06,4.302159945170085e-05,3.3988555272420247e-06,1.2598435084025065e-06,1.247127850850423e-06,1.2456377347310384e-06,1.2757380803426106e-06,4.713257153828939e-05,4.152615865071615e-05,4.293282826741536e-05,4.1922330856323244e-05,4.1594107945760093e-05
179,8,uniform,2.0,0.6146582451590343,0.6124839205268581,0.5578723426236175,0.6261516496548951,0.6318982059677634,0.6448851070220375,0.18063589689848802,0.1999239332878,0.17429676235450267,0.16342006545075313,0.17251551887103303,0.17815843537251536,0.16670718550536895,0.18592011446543275,0.15044149540562748,0.1594947598228775,0.1573501585691845,0.16398274275369823,0.6124839205268581,0.5578723426236175,0.6261516496548951,0.6318982059677634,0.6448851070220375,0.6146582451590343,0.6045619563808995,0.5488339578050203,0.6185090939408555,0.6243731267030499,0.6376255180684847,0.606780730579662,1.5921791394551595e-06,4.290175437927246e-05,2.960662047068278e-06,1.2618303298950196e-06,1.2499094009399413e-06,1.241465409596761e-06,1.2470285097757975e-06,4.5905510584513344e-05,4.226803779602051e-05,4.2014122009277343e-05,4.2057037353515626e-05,4.2264064153035485e-05
180,10,distance,2.0,0.6236393783364961,0.6664128605184128,0.6004844545331687,0.6168296796604058,0.6021216728239649,0.6323482241465285,0.17101638325960763,0.1851482116794778,0.1785512043505157,0.17656051854925706,0.17450187218632007,0.17715563800503564,0.14946988356895394,0.16889646963609234,0.15831730688436732,0.16931229011666266,0.1593609672247744,0.16107138348617012,0.6664128605184128,0.6004844545331687,0.6168296796604058,0.6021216728239649,0.6323482241465285,0.6236393783364961,0.6595933619259442,0.592317186142024,0.6089965555648775,0.5939878739719846,0.6248323445720112,0.6159454644353684,1.6382932662963868e-06,4.503870010375977e-05,3.14633051554362e-06,1.2555718421936036e-06,1.300672690073649e-06,1.2430548667907715e-06,1.2458364168802898e-06,4.761338233947754e-05,4.456361134847005e-05,4.5035282770792646e-05,4.418492317199707e-05,4.379630088806152e-05
181,7,distance,9.996474245746061,0.5535922673254946,0.532502207786852,0.5621898869287678,0.5468402508985342,0.5593137035155535,0.5671152874977652,0.19734320939708852,0.19348979119370424,0.18774608807387322,0.20168029780550142,0.1853423113858736,0.19312033957120822,0.18298800738206095,0.1753865813161821,0.18019777321804173,0.17415446079382857,0.1641825544111759,0.17538187542425784,0.532502207786852,0.5621898869287678,0.5468402508985342,0.5593137035155535,0.5671152874977652,0.5535922673254946,0.5229451830738063,0.5532397653668346,0.537576337799356,0.5503047843369959,0.5582658555556411,0.5444663852265268,1.5995105107625326e-06,0.0007259394327799479,2.761681874593099e-06,1.3378262519836426e-06,1.3014674186706543e-06,1.2951095898946125e-06,1.3014674186706543e-06,0.0007295656204223633,0.0007194141546885172,0.0007160000006357828,0.0007257509231567383,0.0007389664649963378
182,6,distance,9.995485548089487,0.5580729554117813,0.518953924840793,0.5832697812436214,0.6055717670241625,0.5624286385630427,0.5201406653872864,0.1951918223856013,0.18448128965938282,0.1846056911033488,0.2000321388454336,0.1957514350099301,0.19201247540073932,0.17825254770083016,0.16238429407627886,0.1669215353343477,0.17786251456315377,0.18495725714874547,0.1740756297646712,0.518953924840793,0.5832697812436214,0.6055717670241625,0.5624286385630427,0.5201406653872864,0.5580729554117813,0.5091199335257836,0.5747505944888062,0.5975084982069392,0.553483397784093,0.5103309345263791,0.5490386717064002,1.7505288124084473e-06,0.0006911452611287435,3.426074981689453e-06,1.3402104377746582e-06,1.324315865834554e-06,1.2977917989095052e-06,1.3642509778340657e-06,0.0006900680065155029,0.0006805332501729329,0.0006756234169006348,0.0007102425893147787,0.0006992590427398682
183,7,distance,10.0,0.5616567936267017,0.5624520142362737,0.5706938519666305,0.5424901621230165,0.5533207300850038,0.5793272097225844,0.19800289558873174,0.18911614418980904,0.19477344818797568,0.19272113675265395,0.18122091341673108,0.1911669076271803,0.17866841243286244,0.17322058831971296,0.17894886660719395,0.17325469004527097,0.1665105962329635,0.17412063072760076,0.5624520142362737,0.5706938519666305,0.5424901621230165,0.5533207300850038,0.5793272097225844,0.5616567936267017,0.5535072513245791,0.5619175763679927,0.5331373204628397,0.5441892969691946,0.5707274252535401,0.5526957740756292,1.7007191975911461e-06,0.0007485119501749675,3.272692362467448e-06,1.345078150431315e-06,1.2922286987304687e-06,1.2942155202229819e-06,1.2993812561035157e-06,0.0007539069652557373,0.0007349610328674317,0.0007446606953938802,0.000753248929977417,0.0007557821273803711
184,6,distance,9.98335351794478,0.5533381721167875,0.5762748860802345,0.5370476423315522,0.5420142427299381,0.5440390759961785,0.5673150134460343,0.1823284479084085,0.1963114834532111,0.19291224832924403,0.19412911845128242,0.19622449080800156,0.1923811577900295,0.16750470654926614,0.17922300428021273,0.17711336599400024,0.17949633845889762,0.17861802884456912,0.17639108882538918,0.5762748860802345,0.5370476423315522,0.5420142427299381,0.5440390759961785,0.5673150134460343,0.5533381721167875,0.5676127031721643,0.5275835396194204,0.53265167188285,0.5347178986741242,0.5584696644875204,0.5442070955672159,1.4662146568298338e-06,0.0006959950129191081,1.9996364911397297e-06,1.3307730356852214e-06,1.3042489687601726e-06,1.3719995816548666e-06,1.3244152069091796e-06,0.0006845593452453613,0.0007051467895507812,0.0007131457328796387,0.0006975166002909343,0.0006796065966288248
185,6,distance,10.0,0.5496007820234174,0.5234802918401427,0.5621738657051576,0.5220352703435994,0.596003434719517,0.5443110475086705,0.19866790051025338,0.19213517497005805,0.1981514699932603,0.1894708208074805,0.188955055968959,0.19347608445000225,0.1813906340646821,0.17562586587476245,0.18207023509429365,0.16513447528638628,0.17744347122265164,0.1763329363085552,0.5234802918401427,0.5621738657051576,0.5220352703435994,0.596003434719517,0.5443110475086705,0.5496007820234174,0.5137388327295493,0.5532234166224692,0.5122642707594822,0.5877445611533061,0.5349954300812498,0.5403933022692113,1.539031664530436e-06,0.0007080958684285482,2.4698177973429362e-06,1.3215343157450358e-06,1.3036529223124186e-06,1.3040502866109213e-06,1.2961030006408692e-06,0.0007328307628631592,0.000703746477762858,0.0007087532679239908,0.0006903175512949626,0.0007048312822977702
186,7,distance,10.0,0.5576067187676295,0.5772943245157349,0.5445997478367005,0.561754795655109,0.5604872910508472,0.543897434779756,0.19129827117066078,0.18968553667772617,0.18630297158732106,0.1899046798900182,0.20023671143645913,0.19148563415243705,0.16764064632764925,0.17791691647308597,0.1694354658019931,0.1775583460181369,0.18335765835648074,0.1751818065954692,0.5772943245157349,0.5445997478367005,0.561754795655109,0.5604872910508472,0.543897434779756,0.5576067187676295,0.5686529819163973,0.535290032289921,0.5527957795526581,0.5515023634403022,0.5345733618962076,0.5485629038190972,1.652042071024577e-06,0.0007414134343465169,3.039240837097168e-06,1.3150771458943684e-06,1.311500867207845e-06,1.2925267219543456e-06,1.3018647829691568e-06,0.0007555711269378662,0.0007444393634796143,0.0007465136051177979,0.0007395426432291667,0.0007210004329681396
187,8,distance,8.956615894377407,0.5656698836174588,0.5850585254970002,0.5617392135585535,0.557817527763989,0.5613169818216429,0.5624171694461086,0.18750125551460153,0.18722149148596245,0.20311554495369266,0.1851923590313992,0.1889622896505828,0.19039858812724772,0.17095613847384777,0.17727654566271864,0.1759072056697375,0.1677250722981226,0.17332151628786985,0.17303729567845927,0.5850585254970002,0.5617392135585535,0.557817527763989,0.5613169818216429,0.5624171694461086,0.5656698836174588,0.5765759059160189,0.552779878912391,0.5487780223690448,0.5523490155215742,0.5534716942048026,0.5567909033847663,1.5281240145365398e-06,0.000766574223836263,2.3659070332845053e-06,1.379251480102539e-06,1.3008713722229003e-06,1.2975931167602539e-06,1.2969970703125e-06,0.0007946141560872396,0.0007655604680379232,0.0007549937566121419,0.0007598320643107096,0.0007578706741333007
188,7,distance,9.601541074104777,0.5494800048805926,0.5548906625853598,0.5251583306103033,0.5342300813400034,0.5636664946995027,0.5694544551677931,0.19691369377830406,0.19726596049761697,0.20058202347581944,0.19340902387992004,0.18191542323945686,0.1940172249742235,0.17915663267184978,0.17840780477945248,0.17976743188368516,0.16801246772019096,0.17474093839430127,0.17601705508989593,0.5548906625853598,0.5251583306103033,0.5342300813400034,0.5636664946995027,0.5694544551677931,0.5494800048805926,0.5457913234900009,0.5154511755290829,0.5247083794253186,0.5547465593270904,0.5606528426669644,0.5402700560876915,1.561860243479411e-06,0.000724239985148112,2.595484256744385e-06,1.3165672620137533e-06,1.295606295267741e-06,1.303553581237793e-06,1.2980898221333821e-06,0.000724246104558309,0.0007230393091837565,0.0007296109199523926,0.000708933671315511,0.0007353699207305908
189,9,distance,8.562223117123805,0.5619364061142126,0.5602073187850732,0.5998812953995034,0.5675976590692293,0.5442778130477655,0.5377179442694918,0.19399514141793797,0.1871680368040239,0.18068394992886488,0.1998349129693247,0.1983286125858464,0.19200213074119957,0.1774984649650056,0.16816753430610615,0.16838363216193156,0.1746717932966593,0.17574024178355477,0.17289233330265147,0.5602073187850732,0.5998812953995034,0.5675976590692293,0.5442778130477655,0.5377179442694918,0.5619364061142126,0.5512166677210544,0.5917016966683177,0.5587580882154486,0.5349615162105819,0.5282675444930589,0.5529811026616922,1.7177462577819824e-06,0.0007953067620595295,3.3356746037801105e-06,1.3471643129984538e-06,1.3033548990885417e-06,1.3042489687601726e-06,1.2982885042826334e-06,0.0008301933606465658,0.000795434315999349,0.0007894666989644368,0.0007676458358764648,0.0007937935988108318
190,8,distance,8.784407359354446,0.5496299756220273,0.5027712835955462,0.6139311739816127,0.5384435585512521,0.534473922098571,0.5585299398831549,0.20311940512619464,0.18348117372857484,0.19613648619790255,0.1955773832052445,0.19320740424207364,0.19430437049999805,0.19215996441715805,0.16546302193039852,0.1716382002603504,0.18039909038260582,0.1675894510429299,0.17544994560668853,0.5027712835955462,0.6139311739816127,0.5384435585512521,0.534473922098571,0.5585299398831549,0.5496299756220273,0.492606471675864,0.6060387959369438,0.5290079924568996,0.5249572050034823,0.5495049982794034,0.5404230926705187,1.5617012977600098e-06,0.0007702334721883138,2.4715065956115725e-06,1.3501445452372233e-06,1.309812068939209e-06,1.2959043184916179e-06,1.3811389605204264e-06,0.0008023333549499512,0.0007704226175944011,0.0007611743609110515,0.0007741363843282063,0.000743100643157959
191,8,distance,8.326800419677035,0.5604857862468259,0.5403276897438953,0.5258486160257922,0.5140642226052065,0.6180134759682518,0.6041749268909834,0.19272041827748115,0.19739132180077607,0.20306934464190224,0.1835449672973019,0.18380041849808104,0.1921052941031085,0.17885769873277038,0.17297802737385407,0.1833995824960372,0.1649606925708568,0.16446565859417886,0.17293233195353946,0.5403276897438953,0.5258486160257922,0.5140642226052065,0.6180134759682518,0.6041749268909834,0.5604857862468259,0.5309306408119137,0.5161555724011067,0.5041302714489244,0.6102045521379605,0.5960831025684822,0.5515008278736775,1.7129381497701011e-06,0.0007661565939585368,3.3195813496907553e-06,1.3339519500732421e-06,1.3094147046407064e-06,1.2967983881632488e-06,1.3049443562825521e-06,0.0007563487688700358,0.0007856369018554687,0.0007444787025451661,0.0007707774639129639,0.0007735411326090495
192,9,distance,8.430396996107234,0.5589819168580371,0.5592796635157908,0.5338816508381284,0.5485759409167981,0.5852669591298566,0.567905369889612,0.19399730785401204,0.18541507570417107,0.2024335869760381,0.18891927072760725,0.18889033648372863,0.1919311155491114,0.175890076943607,0.1777048737106305,0.1817513346486407,0.166489313482589,0.16853222806132118,0.17407356536935767,0.5592796635157908,0.5338816508381284,0.5485759409167981,0.5852669591298566,0.567905369889612,0.5589819168580371,0.5502700484598956,0.5243528259830306,0.5393475104074311,0.5767886005430733,0.5590720895466399,0.5499662149880141,1.5666286150614422e-06,0.0007963192462921143,2.6023387908935545e-06,1.3214349746704103e-06,1.3043483098347981e-06,1.3026595115661621e-06,1.3023614883422852e-06,0.0008136490980784098,0.0007996900876363119,0.0007906468709309895,0.0007799422740936279,0.0007976679007212321
193,8,distance,8.744371922329115,0.5612863209032947,0.5389475308857461,0.5661997512948067,0.5456409624601013,0.6056478740335343,0.5499954858422846,0.19656252051030998,0.19462825594145788,0.19815309522839258,0.17359052757703652,0.1984222602742423,0.19227133190628787,0.17869093629925087,0.16970008066575176,0.1812228914358183,0.16071601314508427,0.175059069111984,0.1730777981315778,0.5389475308857461,0.5661997512948067,0.5456409624601013,0.6056478740335343,0.5499954858422846,0.5612863209032947,0.5295222674626268,0.5573316031100328,0.5363525323911426,0.5975861610665878,0.5407960749906788,0.5523177278042137,1.5569329261779786e-06,0.0007687995433807373,2.474685509999593e-06,1.3638536135355632e-06,1.327693462371826e-06,1.3114015261332193e-06,1.3070305188496908e-06,0.0007791189352671305,0.0007559978961944581,0.0007842604319254557,0.0007598714033762614,0.0007647490501403809
194,8,distance,8.731274057062132,0.562484076965087,0.5284628901765276,0.5749981696873714,0.5465531199282336,0.5920085158395765,0.5703976891937255,0.1976639839294031,0.19022839011440837,0.19107847781848064,0.18709259947253568,0.190883246353131,0.19138933953759177,0.17903690848665474,0.16793870298783822,0.17759452641962387,0.16670721415234577,0.1754747473651902,0.17335041988233055,0.5284628901765276,0.5749981696873714,0.5465531199282336,0.5920085158395765,0.5703976891937255,0.562484076965087,0.518823289975707,0.5663098869552563,0.5372833370306846,0.5836679744257347,0.5616153591602071,0.553539969509518,1.7273227373758952e-06,0.000767021099726359,3.373920917510986e-06,1.3346473375956217e-06,1.3241171836853027e-06,1.3020634651184081e-06,1.3018647829691568e-06,0.0007779884338378906,0.0007558929920196534,0.0007622436682383219,0.0007733845710754394,0.00076559583346049
195,9,distance,8.723842617179049,0.5548687445978299,0.563295790171106,0.5354648556021664,0.55742206025962,0.5459474201484436,0.5722135968078137,0.18564609187981168,0.20476724947111152,0.19603844642011325,0.20047035086383563,0.1829784890126736,0.19398012552950913,0.16711769301871873,0.18388489308904746,0.17714621789999715,0.1740295225260266,0.16732929681270664,0.17390152466929934,0.563295790171106,0.5354648556021664,0.55742206025962,0.5459474201484436,0.5722135968078137,0.5548687445978299,0.5543682765119122,0.525968396091478,0.5483744703501063,0.5366652549726025,0.5634683892468151,0.5457689574345829,1.6814271608988446e-06,0.0007939395109812418,3.170470396677653e-06,1.3301769892374674e-06,1.3043483098347981e-06,1.3028581937154135e-06,1.29928191502889e-06,0.0008145586649576823,0.0007828895250956218,0.0007836846510569255,0.0008118299643198649,0.0007767347494761149
196,8,distance,9.192576279384747,0.5555704171770242,0.5398517248114647,0.5728126778899809,0.5540182137966128,0.5509612244638779,0.5602082449231846,0.19190712294429682,0.19675070263022146,0.18395749676501358,0.1926454334775742,0.19944629654234164,0.19294141047188954,0.17060857395321946,0.17815673473987914,0.17367234856997688,0.171432219071399,0.17685127624587052,0.17414423051606903,0.5398517248114647,0.5728126778899809,0.5540182137966128,0.5509612244638779,0.5602082449231846,0.5555704171770242,0.5304449457616139,0.5640797173017011,0.5449010392916032,0.5417815561394597,0.5512176127921423,0.546484974257304,1.4423727989196778e-06,0.0007609304587046305,1.996457576751709e-06,1.3122955958048502e-06,1.3023614883422852e-06,1.3000766436258952e-06,1.300672690073649e-06,0.0007617489496866862,0.0007462449868520101,0.0007806527614593506,0.0007456831137339274,0.0007703224817911784
197,7,distance,10.0,0.5608323758660052,0.5484936435163359,0.5671676662385731,0.5531807713039277,0.5618116483406048,0.5735081499305843,0.20132019535605028,0.18538622180497907,0.19349812287511295,0.19292363021477038,0.18505353018946552,0.19163634008807567,0.17590559032706457,0.17039395386035305,0.1798074964041029,0.1729305615719603,0.16958823629331943,0.17372516769136004,0.5484936435163359,0.5671676662385731,0.5531807713039277,0.5618116483406048,0.5735081499305843,0.5608323758660052,0.5392635306069594,0.5583193050713888,0.5440464770205328,0.5528537944736325,0.5647894068286542,0.5518545028002335,1.7278591791788737e-06,0.0007518768310546875,3.2013654708862305e-06,1.3962388038635254e-06,1.362760861714681e-06,1.3777613639831542e-06,1.3011693954467772e-06,0.000742574135462443,0.0007597227891286214,0.0007362985610961915,0.0007399165630340576,0.0007808721065521241
198,9,distance,8.18027179913058,0.5544584653602811,0.5256305381194688,0.5387729993305554,0.5949176507550676,0.5351097223033436,0.57786141629297,0.2031455659577821,0.19655025053644753,0.19419164151771967,0.19535002487760805,0.18333707149901707,0.19451491087771489,0.17447511931637372,0.18454359608007218,0.16166148851134107,0.1780844372271182,0.16746795228173258,0.17324651868332758,0.5256305381194688,0.5387729993305554,0.5949176507550676,0.5351097223033436,0.57786141629297,0.5544584653602811,0.5159330363433763,0.5293441679710438,0.58663658058311,0.5256060028274325,0.5692316667112249,0.5453502908872375,1.6132195790608723e-06,0.0007972350915273031,2.643167972564697e-06,1.318057378133138e-06,1.3715028762817384e-06,1.3950467109680176e-06,1.3383229573567708e-06,0.0008065203825632731,0.0007861161231994629,0.0007762157917022705,0.0007857847213745118,0.000831538438796997
199,8,distance,8.565410984681618,0.558697595055268,0.5595501801594143,0.5738816899770952,0.5717513110184929,0.5435141716595981,0.5447906224617387,0.20002634270150366,0.1801102403600982,0.1918058074443124,0.19527732329750036,0.19538861295507948,0.19252166535169882,0.17168953024648864,0.16741335447852132,0.16759920305320566,0.18219026416867296,0.18075719876788449,0.1739299101429546,0.5595501801594143,0.5738816899770952,0.5717513110184929,0.5435141716595981,0.5447906224617387,0.558697595055268,0.5505460952563699,0.5651705831282454,0.5629966529813921,0.5341822637548541,0.5354848089515869,0.5496760808144897,1.3577739397684731e-06,0.0007761323451995849,1.4039874076843262e-06,1.354813575744629e-06,1.35958194732666e-06,1.3714035352071126e-06,1.2990832328796388e-06,0.0007630654176076253,0.0007858884334564209,0.0007786186536153158,0.000776673158009847,0.0007764160633087158
200,14,distance,2.0123525884610514,0.6221281699429072,0.6597924815031009,0.6139111438863121,0.609721077389187,0.6216062150532713,0.6056099318826649,0.17659966564148344,0.17732332760555936,0.1740761161163155,0.17924678075138428,0.18452313232521816,0.17835380448799212,0.14496742806414933,0.16406322351164412,0.16536363995027603,0.1598944139173731,0.1679999781228797,0.16045773671326446,0.6597924815031009,0.6139111438863121,0.609721077389187,0.6216062150532713,0.6056099318826649,0.6221281699429072,0.6528376429648337,0.606018356367804,0.6017426326339403,0.6138707373371541,0.5975474432669783,0.6144033625141421,1.6437371571858723e-06,0.0013349326451619465,2.907117207845052e-06,1.3233224550882976e-06,1.3030568758646648e-06,1.2965003649393717e-06,1.3886888821919758e-06,0.0013331615924835206,0.0013146976629892985,0.0013474841912587483,0.001325999101003011,0.0013533206780751547
201,14,distance,2.005563157797292,0.6195798931216185,0.6208075111844038,0.6355141440321739,0.6119960101347376,0.59179635293141,0.6377854473253679,0.1758772065259268,0.17548389783128382,0.1827718351380408,0.1899068899334784,0.17284420930060881,0.17937680774586773,0.16151464693219372,0.15993915515400633,0.16280367486461528,0.16583570205415918,0.15299670452900674,0.16061797670679626,0.6208075111844038,0.6355141440321739,0.6119960101347376,0.59179635293141,0.6377854473253679,0.6195798931216185,0.6130557056208823,0.6280629851367499,0.6040640716707117,0.5834514742860555,0.6303807205245237,0.6118029914477846,1.6986330350240073e-06,0.0013319925467173259,3.284116586049398e-06,1.3328591982523601e-06,1.2986858685811361e-06,1.2882550557454427e-06,1.2892484664916992e-06,0.00134573499361674,0.0013265212376912434,0.001331342061360677,0.0013353391488393148,0.001321025292078654
202,14,uniform,2.0123973062526392,0.6118201217818726,0.6173963814851837,0.6240213574764784,0.5989348140385751,0.6320909455837054,0.5866571103254203,0.18050350645432728,0.18166564877589775,0.17908358267570543,0.17689184082135798,0.18580759210194334,0.18079043416584634,0.16043661934491873,0.16204213672613776,0.16854309680109536,0.1521379460292949,0.170908065000774,0.16281357278044414,0.6173963814851837,0.6240213574764784,0.5989348140385751,0.6320909455837054,0.5866571103254203,0.6118201217818726,0.6095748424354771,0.6163352523482292,0.5907358664550366,0.6245698064814984,0.5782071705024306,0.6038845876445345,1.699348290761312e-06,0.0013436787923177082,3.245969613393148e-06,1.3369321823120117e-06,1.2991825739542643e-06,1.307527224222819e-06,1.3071298599243164e-06,0.0013669176896413168,0.001322332223256429,0.0013280200958251953,0.0013577596346537272,0.0013433643182118734
203,14,distance,2.0003007977395075,0.622359418103916,0.6368640790630156,0.5978791024547577,0.5806855356637437,0.6468217780775997,0.6495465952604638,0.17395292994084627,0.18782008025081068,0.18425832936348127,0.17306012805549376,0.17289006588350986,0.1783963066988284,0.1534986731051379,0.1693444745786967,0.17378893897033346,0.15073302394666854,0.15346215301565105,0.16016545272329752,0.6368640790630156,0.5978791024547577,0.5806855356637437,0.6468217780775997,0.6495465952604638,0.622359418103916,0.6294405167951385,0.5896585730330492,0.57211351935704,0.6396017803551656,0.6423823007853795,0.6146393380651546,1.6367634137471518e-06,0.0013379335403442382,2.8999646504720054e-06,1.3390183448791504e-06,1.3139843940734864e-06,1.3074278831481933e-06,1.3234217961629232e-06,0.0013541142145792643,0.0013557199637095133,0.0013335617383321127,0.0013257773717244466,0.0013204944133758546
204,14,uniform,2.0136346697490994,0.6113913679258433,0.6029908209608865,0.6405020008030136,0.5987165146233842,0.6088107687183357,0.6059367345235965,0.18260287088655602,0.1732620864231736,0.18562876280905055,0.1861241166417335,0.1800539505341997,0.1815343574589427,0.16415111206843477,0.1495555793248363,0.16717030024406798,0.16653403810705888,0.16410229185637765,0.1623026643201551,0.6029908209608865,0.6405020008030136,0.5987165146233842,0.6088107687183357,0.6059367345235965,0.6113913679258433,0.5948747900435623,0.6331528083151705,0.5905131043601484,0.6008137145865129,0.5978809267114724,0.6034470688033733,1.73032283782959e-06,0.0013392308553059895,3.3770004908243815e-06,1.381238301595052e-06,1.2997786204020183e-06,1.3002753257751466e-06,1.293321450551351e-06,0.001346652110417684,0.0013446911176045735,0.0013251944382985433,0.001345547835032145,0.001334068775177002
205,14,distance,2.0,0.6215405200830549,0.6319356122510658,0.6294842273730367,0.6152679564017561,0.6017657248154676,0.6292490795739487,0.16934973331134617,0.1843195003427447,0.1792394669243045,0.18591247962249355,0.17772594454236904,0.1793094249486516,0.15108663757054192,0.1616618008296891,0.15878660919566606,0.16686590268701532,0.16052584848323248,0.159785359753229,0.6319356122510658,0.6294842273730367,0.6152679564017561,0.6017657248154676,0.6292490795739487,0.6215405200830549,0.624411297680389,0.6219097993125196,0.6074029061067324,0.5936246493432114,0.621669844403399,0.6138036993692503,1.6155441602071124e-06,4.687190055847168e-05,3.034969170888265e-06,1.29242738087972e-06,1.2527902921040854e-06,1.2429555257161457e-06,1.254578431447347e-06,4.820108413696289e-05,4.619081815083822e-05,4.661162694295247e-05,4.66914971669515e-05,4.666447639465332e-05
206,14,uniform,2.003025341863907,0.6152344369076846,0.6475682926689663,0.6194191609683675,0.6094992503210812,0.5977714709379196,0.6019140096420886,0.16852411526414157,0.18326171106798508,0.18312217334247477,0.18510630520880186,0.18682136400037655,0.18136713377675595,0.1520794403815121,0.15718538719415145,0.16238350525455536,0.16472423809993975,0.16675860993779815,0.16062623617359134,0.6475682926689663,0.6194191609683675,0.6094992503210812,0.5977714709379196,0.6019140096420886,0.6152344369076846,0.6403635558921821,0.6116389734583512,0.6015162707705752,0.58954874121263,0.5937759655461858,0.6073687013759848,1.6880234082539875e-06,0.001336784283320109,3.097256024678548e-06,1.3318657875061034e-06,1.3079245885213215e-06,1.386106014251709e-06,1.3169646263122558e-06,0.0013416616121927898,0.0013467903931935628,0.001358790397644043,0.0013130267461140951,0.0013236522674560547
207,14,distance,2.0058502649774406,0.6200490881759371,0.6458533223784174,0.6065489898854461,0.5886964180085701,0.6090201361372221,0.6501265744700295,0.172337621670382,0.1843671970258463,0.1856178847297069,0.17900996851056883,0.17419760771983514,0.17910605593126783,0.15462021672899157,0.16022282657609555,0.1725923534705679,0.16364675219455369,0.15168246951499298,0.16055292369704033,0.6458533223784174,0.6065489898854461,0.5886964180085701,0.6090201361372221,0.6501265744700295,0.6200490881759371,0.6386135265837685,0.5985056983669204,0.5802881676101082,0.6010273620889199,0.6429741364694168,0.6122817782238268,1.6263723373413087e-06,0.0013426839510599772,2.9022494951883954e-06,1.317461331685384e-06,1.291036605834961e-06,1.3250112533569336e-06,1.2961030006408692e-06,0.0013487931092580159,0.001345515251159668,0.0013535972436269125,0.0013170440991719563,0.0013484700520833334
208,14,distance,2.0,0.6183745441229245,0.6143693669829328,0.5967574177336564,0.6517970033960956,0.6040957831073109,0.624853149394627,0.18180432691284446,0.18041718558723854,0.17036939728833525,0.18101757127570953,0.1818766769001961,0.17909703159286477,0.16307497152890382,0.17011632617285138,0.1486556300029764,0.1650331163005766,0.16036461460237564,0.16144893172153676,0.6143693669829328,0.5967574177336564,0.6517970033960956,0.6040957831073109,0.624853149394627,0.6183745441229245,0.6064859468871835,0.5885139577895404,0.6446787138573445,0.5960023408539681,0.6171840485304626,0.6105730015836999,1.5336672465006511e-06,4.6824852625528975e-05,2.6644269625345867e-06,1.2601415316263834e-06,1.2462337811787924e-06,1.2447436650594075e-06,1.2527902921040854e-06,4.8926273981730145e-05,4.5921007792154945e-05,4.698514938354492e-05,4.6089887619018554e-05,4.620194435119629e-05
209,14,distance,2.0,0.6193929456720504,0.60779894781062,0.6330905059595034,0.6350145660197076,0.6115261988645919,0.6095345097058291,0.18055727844709685,0.18387652169867616,0.16431537154645862,0.18371401539302581,0.18153018077534283,0.17879867357212004,0.16553641931299362,0.16061227957490087,0.15351297601497174,0.16508064143295612,0.1605157711565836,0.1610516174984812,0.60779894781062,0.6330905059595034,0.6350145660197076,0.6115261988645919,0.6095345097058291,0.6193929456720504,0.5997812090946532,0.6255898008002428,0.6275531942858685,0.6035846560815853,0.6015522509604627,0.6116122222445626,1.6147295633951821e-06,4.692395528157552e-05,3.0567248662312824e-06,1.2653072675069172e-06,1.2465318044026693e-06,1.2470285097757975e-06,1.2580553690592447e-06,4.879872004191081e-05,4.6544869740804035e-05,4.53797976175944e-05,4.7065019607543946e-05,4.683136940002442e-05
210,14,uniform,2.0077612754493286,0.6077628408208053,0.5894720012437624,0.5999788701468145,0.5874655018455748,0.607244064546284,0.654653766321591,0.19346023411700297,0.1833905112109423,0.18773245303799954,0.18090473450190722,0.16951716481019166,0.18300101953560874,0.16670317643104807,0.16799067515315252,0.1680344824690306,0.16100187783780953,0.14657104622448877,0.16206025162310592,0.5894720012437624,0.5999788701468145,0.5874655018455748,0.607244064546284,0.654653766321591,0.6077628408208053,0.5810796060392056,0.5918012661293729,0.5790320879139681,0.5992149823905011,0.6475938773877905,0.5997443639721676,1.5645623207092287e-06,0.0013319861888885498,2.610484759012858e-06,1.3170639673868816e-06,1.299579938252767e-06,1.2988845507303874e-06,1.2967983881632488e-06,0.0013313043117523194,0.0013008360068003336,0.0013479987780253093,0.0013424932956695556,0.0013372985521952312
211,14,uniform,2.0044718385982243,0.6064533843452924,0.6224425123866735,0.6090386791644445,0.6185919655886766,0.5772233862446818,0.6049703783419855,0.17579454033286737,0.1788948853707707,0.18422177690682218,0.19020877600660643,0.1816555175964951,0.18215509924271236,0.16017430453286052,0.16597764206901305,0.15271731314825515,0.17299286673459116,0.1670650775685692,0.16378544081065782,0.6224425123866735,0.6090386791644445,0.6185919655886766,0.5772233862446818,0.6049703783419855,0.6064533843452924,0.6147241310385305,0.6010462841899528,0.61079486778129,0.5685805934592238,0.5968948153779374,0.5984081383693869,1.7282764116923013e-06,0.0013380311330159504,3.4357110659281412e-06,1.3239185015360514e-06,1.296699047088623e-06,1.2889504432678223e-06,1.2961030006408692e-06,0.0013603428999582926,0.001354912519454956,0.0013428246974945069,0.0013203140099843343,0.0013117615381876627
212,14,uniform,2.00958698315685,0.6125959842050505,0.615398341809337,0.5993088314473183,0.6226631479262648,0.632959946992236,0.5926496528500965,0.17423721909798498,0.18304612351765984,0.18227350612310234,0.1816444107980349,0.1864981184352176,0.18153987559439994,0.15825646434036025,0.1677758633762677,0.15970147689046618,0.15127084842944802,0.17062386801337617,0.16152570420998366,0.615398341809337,0.5993088314473183,0.6226631479262648,0.632959946992236,0.5926496528500965,0.6125959842050505,0.6075359569740935,0.5911175298755429,0.614949277015047,0.6254565728251267,0.5843222181553795,0.604676310969038,1.6195774078369143e-06,0.0013394037087758382,2.9061237970987956e-06,1.3033548990885417e-06,1.3045469919840495e-06,1.2869636217753091e-06,1.2968977292378743e-06,0.001333241065343221,0.0013410329818725586,0.0013169519106547038,0.0013458804289499919,0.0013599121570587159
213,14,distance,2.0093840150086635,0.6161156545821754,0.6311853217411698,0.6272295454623998,0.6144043849222286,0.6374647999035785,0.5702942208815005,0.18135340613637121,0.17054046983259652,0.18524041717056433,0.16927439756830917,0.19247329583729691,0.1797763973090276,0.1625353475782444,0.14973397875878788,0.16655463587748834,0.15267514050281286,0.17537418238651037,0.16137465702076875,0.6311853217411698,0.6272295454623998,0.6144043849222286,0.6374647999035785,0.5702942208815005,0.6161156545821754,0.6236456690340046,0.6196090250970656,0.6065216806957665,0.6300535181298867,0.5615097756525023,0.6082679337218451,1.5887220700581869e-06,0.0013522862593332928,2.589821815490723e-06,1.379251480102539e-06,1.3506412506103516e-06,1.3132890065511069e-06,1.3106067975362142e-06,0.0013625693321228027,0.001353367567062378,0.001330349842707316,0.0013150417804718019,0.0014001027743021648
214,14,distance,2.0112309585568875,0.6163937345949936,0.6178099827951005,0.5998502784508692,0.579207594134443,0.6400277588644508,0.6450730587301046,0.17316791970722123,0.18593428394183956,0.18973130516262512,0.17727248575115107,0.17471351060854726,0.18016390103427685,0.1593940344835789,0.16914895160741852,0.16888896211121016,0.15648656542133496,0.15234664933860992,0.16125303259243048,0.6178099827951005,0.5998502784508692,0.579207594134443,0.6400277588644508,0.6450730587301046,0.6163937345949936,0.6099968989680837,0.5916700456423691,0.570605364372285,0.6326688714817821,0.6378173120601919,0.6085516985049424,1.722256342569987e-06,0.00133369247118632,3.2363335291544596e-06,1.36186679204305e-06,1.320640246073405e-06,1.3208389282226563e-06,1.371602217356364e-06,0.001363391876220703,0.0013245892524719237,0.001337269941965739,0.0013287691275278726,0.0013144421577453613
215,14,distance,2.018018873882907,0.6181111685081119,0.592901843806867,0.6412301887474793,0.6291870642165112,0.6152226759233507,0.6120140698463514,0.19173927596118906,0.16935025066030784,0.17570598483681185,0.1776855584790088,0.18266116000339602,0.17942844598814273,0.17448565328240637,0.15305087262605213,0.15884036390395992,0.15774293457229344,0.161790883326556,0.16118214154225358,0.592901843806867,0.6412301887474793,0.6291870642165112,0.6152226759233507,0.6120140698463514,0.6181111685081119,0.5845795646342646,0.6338958825549235,0.621606561270341,0.6073566999626696,0.6040825005757487,0.6103042417995895,1.7205278078715004e-06,0.0013373874028523765,3.2366315523783368e-06,1.388986905415853e-06,1.3022621472676595e-06,1.373589038848877e-06,1.3011693954467772e-06,0.0013669407367706298,0.0013344446818033854,0.0013521945476531983,0.001304382085800171,0.001328974962234497
216,14,uniform,2.003913048390425,0.6078547980492128,0.5962642882721341,0.6013946583643163,0.621089086574931,0.6168494376526782,0.6036765193820047,0.18457517642309076,0.18485296749919722,0.17920950389930984,0.1854471048325914,0.18046950006287357,0.18291085054341255,0.16296288034970072,0.16498418888972208,0.1669918832276549,0.15955132981969686,0.1571395077774294,0.1623259580128408,0.5962642882721341,0.6013946583643163,0.621089086574931,0.6168494376526782,0.6036765193820047,0.6078547980492128,0.5880107473168796,0.5932459972065169,0.6133430372374509,0.6090167174684058,0.5955745061496096,0.5998382010757725,1.5765627225240071e-06,0.0013366875648498536,2.637505531311035e-06,1.3294816017150879e-06,1.3060371081034342e-06,1.3108054796854655e-06,1.298983891805013e-06,0.0013476137320200601,0.001339885393778483,0.0013267016410827637,0.001348099708557129,0.0013211373488108318
217,14,distance,2.0175412619675805,0.617177171972407,0.6446431004263862,0.6187712136965887,0.5938226297882349,0.6101566664116267,0.6184922495391985,0.17174631281611957,0.18333121624442936,0.19519376804219676,0.17898035224420036,0.1703536431792415,0.1799210585052375,0.15680800129023373,0.1628257341408366,0.17267629961856726,0.15770865915477203,0.15621426696512125,0.1612465922339062,0.6446431004263862,0.6187712136965887,0.5938226297882349,0.6101566664116267,0.6184922495391985,0.617177171972407,0.6373785641489017,0.6109777802457523,0.5855191741791357,0.6021871263723413,0.6106931132435773,0.6093511516379417,1.729408899943034e-06,0.0013321344852447509,3.4587581952412925e-06,1.307527224222819e-06,1.2891491254170736e-06,1.2976924578348797e-06,1.2939174969991047e-06,0.0013288060824076335,0.0013254221280415853,0.0013405664761861164,0.0013066709041595459,0.0013592068354288736
218,14,distance,2.014939262753643,0.6184083055043477,0.6024069327792266,0.6219698331444719,0.6070719928188817,0.6706869178972762,0.589905850881882,0.17934258522792967,0.17994789280009968,0.18489553574498463,0.16994704781719633,0.1818635407080634,0.17919932045965475,0.16279845773507265,0.16061006182856744,0.16527539738604574,0.1501795577750464,0.16723048604977633,0.1612187921549017,0.6024069327792266,0.6219698331444719,0.6070719928188817,0.6706869178972762,0.589905850881882,0.6184083055043477,0.5942789654765873,0.6142417888475956,0.5990393930127941,0.6639547935612751,0.5815223248351743,0.6106074531466852,1.6811887423197428e-06,0.00132961638768514,3.1810998916625975e-06,1.3421972592671713e-06,1.2929240862528483e-06,1.2991825739542643e-06,1.2905399004618327e-06,0.0013465718428293863,0.0013264723618825276,0.0013250788052876791,0.0013235016663869221,0.0013264572620391845
219,14,distance,2.0089628802978288,0.6173859274197337,0.6397530837280682,0.647931646345151,0.6018801165502808,0.5956742186861442,0.6016905717890242,0.17260514346058162,0.1682981294740734,0.19512304885788834,0.18343540338371908,0.18246251263950122,0.18038484756315273,0.14649588099024388,0.14892856728536363,0.16848417607012398,0.1669119939228741,0.17070630171151432,0.16030538399602398,0.6397530837280682,0.647931646345151,0.6018801165502808,0.5956742186861442,0.6016905717890242,0.6173859274197337,0.6323885811807715,0.6407343375821899,0.5937413795802695,0.5874086149795578,0.5935479599686977,0.6095641746582972,1.610696315765381e-06,0.001341293176015218,2.539058526357015e-06,1.4170010884602865e-06,1.3912717501322427e-06,1.3777613639831542e-06,1.3283888498942056e-06,0.0013855361938476562,0.0013554338614145914,0.0013350053628285725,0.0013193587462107341,0.001311131715774536
220,10,distance,2.0,0.6198789966783419,0.5933894587773113,0.6112526090985029,0.6204930844815899,0.6117332733139131,0.6625265577203923,0.18173977615590634,0.1797649665139177,0.1763848082363313,0.17908007842277643,0.1714981492767613,0.1776935557211386,0.17184993486801636,0.15934108069201258,0.16430456561957363,0.16246395920968248,0.15330934802385232,0.16225377768262747,0.5933894587773113,0.6112526090985029,0.6204930844815899,0.6117332733139131,0.6625265577203923,0.6198789966783419,0.5850771478834915,0.6033054733390174,0.6127348511149444,0.6037959637394106,0.6556276117112692,0.6121082095576267,1.3885498046875e-06,4.4103542963663736e-05,1.758436361948649e-06,1.2785196304321289e-06,1.3053417205810546e-06,1.28785769144694e-06,1.3125936190287273e-06,4.446784655253092e-05,4.4660170873006184e-05,4.4028759002685544e-05,4.3645699818929036e-05,4.371523857116699e-05
221,11,distance,2.0113110324050885,0.6143306046018004,0.5890482623685025,0.62968585949823,0.6170512212890593,0.6135475282191956,0.6223201516340147,0.17184713049643133,0.17691730621264545,0.18166822074861294,0.18336515500896625,0.17931395709992926,0.17862235391331702,0.16685771958601145,0.15591250608204543,0.1615761582380514,0.16654549763665716,0.1664794958842419,0.16347427548540147,0.5890482623685025,0.62968585949823,0.6170512212890593,0.6135475282191956,0.6223201516340147,0.6143306046018004,0.5806472046997155,0.6221155533891649,0.6092226261535716,0.605647307331002,0.6145992688735515,0.6064463920894011,1.6237099965413414e-06,0.0013223326206207274,2.592007319132487e-06,1.3434886932373046e-06,1.3085206349690755e-06,1.468658447265625e-06,1.4058748881022135e-06,0.0013274053732554119,0.0012837855021158855,0.0013191099961598713,0.0013721231619517008,0.0013092390696207682
222,10,distance,2.0027858287844955,0.6143913804042936,0.5578179059776913,0.6269782362293095,0.6324675461256002,0.6133759946315046,0.641317219057363,0.18296491253582536,0.17560581399435204,0.1807074619953824,0.17594744728013204,0.17560261547981168,0.17816565025710068,0.17900719244882948,0.1613155455827608,0.15334773874866164,0.170537068904727,0.15518714757137148,0.1638789386512701,0.5578179059776913,0.6269782362293095,0.6324675461256002,0.6133759946315046,0.641317219057363,0.6143913804042936,0.5487784083145435,0.6193525783668763,0.6249541058419668,0.6054722670941588,0.6339846920193535,0.6065084103273797,1.633167266845703e-06,0.001308842182159424,2.5908152262369793e-06,1.3970335324605306e-06,1.3544162114461263e-06,1.4126300811767578e-06,1.4109412829081218e-06,0.0012829617659250896,0.0012633577982584636,0.0013311819235483806,0.0013904162247975666,0.0012762931982676189
223,10,distance,2.0,0.6267587674995566,0.5862766723708028,0.6663094695095497,0.6493404117765331,0.6132099732731497,0.6186573105677473,0.19033341676735896,0.16866205665154513,0.1681171691793787,0.17717805970651887,0.18168004289906398,0.17719414904077313,0.17088410507635704,0.14341026441023128,0.15967774354022057,0.1557822409514022,0.16698090669489002,0.15934705213462022,0.5862766723708028,0.6663094695095497,0.6493404117765331,0.6132099732731497,0.6186573105677473,0.6267587674995566,0.5778189552812791,0.6594878573019085,0.6421719023068881,0.6053028517727712,0.6108615486032039,0.6191286230532101,1.4921426773071288e-06,4.45873737335205e-05,2.445479234059652e-06,1.2789169947306315e-06,1.2526909510294596e-06,1.2424588203430175e-06,1.2411673863728842e-06,4.6909650166829426e-05,4.392663637797038e-05,4.4472614924112956e-05,4.3616692225138345e-05,4.401127497355143e-05
224,11,uniform,2.0083268571904433,0.6163190509987302,0.5954671431113829,0.6085139816081753,0.6576913955282183,0.6110775840181542,0.60884515072772,0.18817323591213803,0.18206113604659704,0.16658656223581123,0.18840373654396902,0.17641260823923,0.18032745579554907,0.1723866721156512,0.1633204037690581,0.14401986921614435,0.1682709740649235,0.15777688816871482,0.1611549614668984,0.5954671431113829,0.6085139816081753,0.6576913955282183,0.6110775840181542,0.60884515072772,0.6163190509987302,0.5871973061732851,0.600510860278189,0.6506936046361206,0.603126870233176,0.6008487994649137,0.6084754881571369,1.731117566426595e-06,0.001305965264638265,3.3493836720784506e-06,1.3377269109090168e-06,1.2996792793273926e-06,1.324613889058431e-06,1.3441840807596842e-06,0.001287916898727417,0.001250769297281901,0.0013405863444010417,0.0013246401151021322,0.001325913667678833
225,10,distance,2.0005464375400646,0.6231114570643626,0.6205830804740914,0.6608094550311467,0.6169133573090315,0.5943509216201264,0.6229004708874166,0.1836157469114726,0.16711601345665378,0.1759726069093102,0.17991214389481983,0.18217893070174881,0.17775908837480103,0.16237701798099272,0.1511295363120807,0.15751572481818268,0.16186446349603198,0.16960385746818427,0.16049812001509448,0.6205830804740914,0.6608094550311467,0.6169133573090315,0.5943509216201264,0.6229004708874166,0.6231114570643626,0.6128266868892347,0.6538754064116812,0.6090819438298294,0.5860582658440472,0.6151914515529175,0.6154067509055421,1.636683940887451e-06,0.001316351572672526,1.973112424214681e-06,1.986126104990641e-06,1.398921012878418e-06,1.4130274454752604e-06,1.412232716878255e-06,0.0012773927052815756,0.0012695924441019693,0.0013506583372751872,0.001346135934193929,0.001337978442509969
226,10,distance,2.0,0.6233507197733136,0.6359122958990545,0.6439265190591662,0.5934903690715669,0.6064782504919772,0.6369461643448033,0.17106382014649626,0.16808838569072174,0.18557985885039152,0.1824984628634785,0.1765396924329739,0.17675404399681235,0.15541895910806608,0.1501072977807868,0.1773787532712094,0.1649630149535216,0.16102438618204015,0.1617784822591248,0.6359122958990545,0.6439265190591662,0.5934903690715669,0.6064782504919772,0.6369461643448033,0.6233507197733136,0.6284692763944355,0.6366473337588425,0.5851801210798443,0.5984335128529716,0.6295242801406085,0.6156509048453405,1.489996910095215e-06,4.460740089416505e-05,2.4213393529256186e-06,1.2794137001037598e-06,1.2459357579549153e-06,1.2511014938354491e-06,1.2521942456563314e-06,4.788716634114583e-05,4.4831037521362304e-05,4.3349663416544594e-05,4.358967145284017e-05,4.337946573893229e-05
227,10,distance,2.000248115387258,0.6218445621781363,0.5908030206462724,0.6200600892350413,0.6141673849510357,0.657765971545833,0.6264263445124991,0.1812054324717647,0.17469234536641637,0.18794160136166704,0.16685648231270497,0.17644024463069605,0.17742722122864985,0.17372197797117087,0.16220240556484436,0.16577473597333198,0.14944129283716776,0.15745925954130666,0.16171993437756432,0.5908030206462724,0.6200600892350413,0.6141673849510357,0.657765971545833,0.6264263445124991,0.6218445621781363,0.5824378353783939,0.6122930041768139,0.6062798357507162,0.6507697052060545,0.618789404366247,0.6141139569756451,1.4879902203877768e-06,0.0013043970266977945,1.9880135854085285e-06,1.3379255930582682e-06,1.299877961476644e-06,1.4109412829081218e-06,1.403192679087321e-06,0.001265634298324585,0.0012638851006825764,0.0013241096337636312,0.0013713820775349934,0.001296974023183187
228,11,uniform,2.003555382228198,0.6071700522833646,0.6217571642701465,0.6070268734610496,0.628768528665991,0.5571649767734212,0.6211327182462147,0.1776359394180038,0.18490350416025417,0.1868155549982716,0.18006724501415916,0.18048801282129168,0.18198205128239608,0.15790359955519817,0.16290517134402666,0.1602314956925637,0.17541261337757158,0.15871409577418982,0.16303339514871,0.6217571642701465,0.6070268734610496,0.628768528665991,0.5571649767734212,0.6211327182462147,0.6071700522833646,0.6140247723983266,0.5989933512830812,0.6211794696267949,0.5481121313241556,0.6133875608679431,0.5991394571000603,1.5654762585957845e-06,0.0013232618967692056,2.452731132507324e-06,1.3337532679239908e-06,1.3005733489990235e-06,1.4056762059529622e-06,1.3346473375956217e-06,0.0012712005774180093,0.0012867391109466554,0.00134246826171875,0.0014022703965504964,0.0013136311372121175
229,10,distance,2.0,0.6173150667297536,0.5927555275291951,0.6335831321719841,0.6035807294772415,0.6639499686354386,0.5927059758349085,0.18987499675206318,0.18122174625817403,0.17353171492074812,0.16562663938791805,0.18266130625255547,0.1785832807142918,0.17292884286976667,0.1597130664295022,0.16523439911921964,0.1515943847943418,0.16267793728219776,0.1624297260990056,0.5927555275291951,0.6335831321719841,0.6035807294772415,0.6639499686354386,0.5927059758349085,0.6173150667297536,0.584430257223148,0.626092497735977,0.5954767580185139,0.6570801213162313,0.5843796925470361,0.6094918653681812,1.5510519345601401e-06,4.473582903544108e-05,2.7242302894592284e-06,1.2969970703125e-06,1.2455383936564129e-06,1.2438495953877766e-06,1.244644323984782e-06,4.83393669128418e-05,4.4000943501790367e-05,4.375537236531576e-05,4.393815994262695e-05,4.3645302454630534e-05
230,11,distance,2.0006794009525946,0.6258615743790445,0.6318667827019707,0.584837533927217,0.6173948228095896,0.6398272957541943,0.6553814367022508,0.17388937590192635,0.19106967581818188,0.17882638510291463,0.16920099534890062,0.17063431873375634,0.17672415018113596,0.16266993413909078,0.17215700995008965,0.16181008300964123,0.15636251230888415,0.14949899464684177,0.16049970681090953,0.6318667827019707,0.584837533927217,0.6173948228095896,0.6398272957541943,0.6553814367022508,0.6258615743790445,0.6243410610536294,0.5763503966310102,0.6095732518959867,0.6324643103181642,0.6483364234832167,0.6182130886764015,1.691281795501709e-06,0.001308111588160197,3.125170866648356e-06,1.3336539268493652e-06,1.2912352879842123e-06,1.322925090789795e-06,1.3834238052368165e-06,0.0012771836916605631,0.001286331017812093,0.001305264631907145,0.001339273452758789,0.0013325051466623941
231,11,uniform,2.005751033296395,0.6070969182879855,0.5912970588076478,0.6249558381624262,0.5971586105376994,0.5828300962007323,0.6392429877314216,0.19029939551925623,0.17902368369531535,0.17570606575012343,0.1889550941826179,0.17503673750025603,0.1818041953295138,0.16816378038249036,0.15529116124778783,0.16760881265306854,0.16936739439366,0.15742176334783353,0.16357058240496805,0.5912970588076478,0.6249558381624262,0.5971586105376994,0.5828300962007323,0.6392429877314216,0.6070969182879855,0.5829419731273953,0.6172888365575695,0.5889233521500544,0.5743019209952959,0.6318680573272939,0.5990648280315217,1.6750494639078775e-06,0.0013076961040496826,3.067950407663981e-06,1.329183578491211e-06,1.3045469919840495e-06,1.3385216395060222e-06,1.3350447018941244e-06,0.0012947885195414225,0.0012857317924499512,0.0012982590993245442,0.0013328230381011964,0.0013268780708312988
232,11,distance,2.005164967945265,0.6188870611300764,0.5867872824674059,0.6038537964035238,0.6266423334346539,0.6391690769169611,0.6379828164278376,0.18726269005536242,0.1831038453504263,0.17591124824268037,0.17369333215812616,0.17434267770521938,0.1788627587023629,0.17107047499183467,0.16426565643383706,0.16697586112916035,0.1549373412203334,0.15035482310786635,0.1615208313766064,0.5867872824674059,0.6038537964035238,0.6266423334346539,0.6391690769169611,0.6379828164278376,0.6188870611300764,0.5783400037444226,0.5957554072328973,0.6190098087348512,0.6317926355592158,0.6305821244297696,0.6110959959402313,1.586933930714925e-06,0.0012992405891418457,2.6046236356099445e-06,1.3981262842814128e-06,1.2908379236857096e-06,1.3175606727600098e-06,1.3235211372375487e-06,0.0012813496589660644,0.0012631889184316,0.0013113311926523845,0.0013076202074686686,0.001332712968190511
233,11,distance,2.011288595835813,0.6214795138711727,0.6181955772852582,0.6305388952522297,0.6315377244770688,0.6023065197859304,0.6248188525553762,0.18502411936831195,0.17306653154410015,0.17370997695081086,0.1826774630635109,0.17599009773738386,0.17809363773282355,0.15833296372819863,0.1563318735142093,0.16185000310694503,0.16983942164768032,0.16014773172670074,0.1613003987447468,0.6181955772852582,0.6305388952522297,0.6315377244770688,0.6023065197859304,0.6248188525553762,0.6214795138711727,0.6103903761394713,0.6229860276935019,0.6240052759144195,0.5941764997474827,0.6171490505633226,0.6137414460116396,1.66010856628418e-06,0.001302729845046997,2.933045228322347e-06,1.4020005861918132e-06,1.3013680775960286e-06,1.3387203216552735e-06,1.3254086176554363e-06,0.0012904886404673259,0.0012721033891042073,0.001308822234471639,0.0013246663411458333,0.00131756862004598
234,11,distance,2.0039164495479787,0.6197363263717417,0.6384233285651492,0.6138639998105091,0.6155741081623038,0.6152824652419645,0.6155377300787823,0.17735606828108805,0.18412351978941904,0.16341391527790744,0.1821802659817222,0.18266854850774467,0.17794846356757626,0.1583681557444659,0.16559856509825807,0.15951093932284655,0.1620697792093614,0.16273413303130924,0.16165631448124823,0.6384233285651492,0.6138639998105091,0.6155741081623038,0.6152824652419645,0.6155377300787823,0.6197363263717417,0.6310316419259359,0.6059702485289522,0.6077153165063374,0.6074177115501478,0.6076781947481953,0.6119626226519137,1.7380118370056152e-06,0.0013032348155975343,3.296832243601481e-06,1.3422966003417968e-06,1.3682246208190917e-06,1.3390183448791504e-06,1.343687375386556e-06,0.0012731897830963136,0.001284789244333903,0.0012993355592091878,0.0013297597567240398,0.001329099734624227
235,10,uniform,2.000596041059164,0.6102742145351951,0.5883823823649281,0.6362759691011308,0.5793001906432647,0.6227084559340121,0.62470407463264,0.1765203534139382,0.17494427899101087,0.1924185556280727,0.18103880330183736,0.17811236096188235,0.18060687045934826,0.17100692432655004,0.15645690441103446,0.16951153225689528,0.16296622265564428,0.15816852070850973,0.16362202087172678,0.5883823823649281,0.6362759691011308,0.5793001906432647,0.6227084559340121,0.62470407463264,0.6102742145351951,0.5799677121577376,0.6288403841423805,0.570699853825069,0.6149955112512322,0.6170319262435287,0.6023070775239896,1.5608867009480795e-06,0.0012922712961832682,2.4979313214619953e-06,1.3437867164611817e-06,1.2974937756856283e-06,1.3352433840433757e-06,1.329978307088216e-06,0.001263273557027181,0.0012614238262176514,0.0013261183102925619,0.0013046761353810628,0.0013058646519978842
236,11,uniform,2.007152231084855,0.6203911360650514,0.6110855209678219,0.6285220347939093,0.6398156079921911,0.6228756161835127,0.5996569003878216,0.1818003313830551,0.182907382082202,0.17431948475481987,0.17761427354695258,0.17706494991943758,0.17874128433729342,0.1684519750017385,0.1550571544536303,0.15493738759023423,0.1583435410605704,0.16758919436209166,0.160875850493653,0.6110855209678219,0.6285220347939093,0.6398156079921911,0.6228756161835127,0.5996569003878216,0.6203911360650514,0.6031349694373515,0.6209279366977031,0.6324523836240588,0.6151660887460377,0.5914727143650854,0.6126308185740472,1.4705856641133627e-06,0.001330989360809326,1.914401849110921e-06,1.332561175028483e-06,1.3575951258341472e-06,1.4150142669677733e-06,1.3333559036254883e-06,0.0012980290253957112,0.0012965492407480876,0.0013381826877593994,0.0014052132765452066,0.001316972573598226
237,10,uniform,2.019139307923168,0.6171477037109057,0.6208488968167214,0.6022084586431029,0.5917289630729334,0.6491656925930842,0.6217865074286866,0.1764293130302671,0.17795464887440735,0.18627740519282768,0.17529176828407614,0.1770440122165053,0.17859942951961671,0.16270743199753784,0.1672732522807836,0.169992624485013,0.15498649694787323,0.15815798567438508,0.16262355827711855,0.6208488968167214,0.6022084586431029,0.5917289630729334,0.6491656925930842,0.6217865074286866,0.6171477037109057,0.6130979372967906,0.5940764339475616,0.583382706781409,0.6419936113513756,0.6140547154170073,0.6093210809588288,1.4381607373555502e-06,0.0012998806635538737,1.7377734184265137e-06,1.3292829195658365e-06,1.3030568758646648e-06,1.409749190012614e-06,1.4109412829081218e-06,0.0012794276078542074,0.0012488484382629395,0.0012843064467112223,0.0013708412647247315,0.0013159795602162678
238,11,uniform,2.0029846021302458,0.6102125164744079,0.6480124536625785,0.5755157196406131,0.6228471433206848,0.5920585967341843,0.6126286690139786,0.16652475847095863,0.1884963664566107,0.1799622944942475,0.18621960736029045,0.18162450365077096,0.18056550608657565,0.15407017528485667,0.17030310691011877,0.16463954591152208,0.16695518702486647,0.1609447120612286,0.16338254543851852,0.6480124536625785,0.5755157196406131,0.6228471433206848,0.5920585967341843,0.6126286690139786,0.6102125164744079,0.6408167968379634,0.566838017146043,0.6151370338144637,0.5837190791205731,0.6047096639512319,0.602244118174055,1.6117095947265627e-06,0.0013085144360860188,2.7444958686828614e-06,1.342793305714925e-06,1.3037522633870444e-06,1.3327598571777343e-06,1.3347466786702475e-06,0.001286953290303548,0.0012781381607055663,0.0013146487871805827,0.0013445774714152018,0.0013182544708251953
239,10,distance,2.0,0.6236908477441754,0.6323329433787138,0.587880448746775,0.649606276052994,0.6185922765892186,0.6300422939531753,0.17831992454930398,0.17588562017858142,0.17591912128012369,0.1803081984359662,0.17301382348795494,0.17668933758638605,0.1591613874050941,0.17200932943802416,0.14859815785181443,0.16687850474754304,0.16152476545308783,0.1616344289791127,0.6323329433787138,0.587880448746775,0.649606276052994,0.6185922765892186,0.6300422939531753,0.6236908477441754,0.6248167514205274,0.5794555175456869,0.642443201628183,0.6107951851395944,0.6224792744087769,0.6159979860285537,1.3834635416666666e-06,4.395333925882976e-05,1.8552939097086588e-06,1.262227694193522e-06,1.2524922688802082e-06,1.2879570325215658e-06,1.2593468030293783e-06,4.4957796732584635e-05,4.3578545252482096e-05,4.3652852376302083e-05,4.336396853129069e-05,4.4213533401489256e-05
240,8,distance,2.0031181846784945,0.6253933296710013,0.6413758076638907,0.5954788840414421,0.6007474522346745,0.657615490037144,0.6317490143778557,0.17511919285121588,0.1715820373322549,0.18251045189796822,0.17663680732901416,0.17200057806766095,0.1755698134956228,0.15711872518470665,0.16936178744219485,0.1643292301955431,0.15423715127388302,0.16333639127774743,0.16167665707481502,0.6413758076638907,0.5954788840414421,0.6007474522346745,0.657615490037144,0.6317490143778557,0.6253933296710013,0.6340444783486721,0.5872092871223574,0.5925855602871721,0.650616147414394,0.6242208851998903,0.6177352716744972,1.7334818840026859e-06,0.0012175567150115967,3.2558043797810873e-06,1.3443827629089355e-06,1.3072292009989422e-06,1.3837218284606934e-06,1.3762712478637695e-06,0.0012328143914540608,0.0012025511264801025,0.0012162117163340251,0.0012460652987162273,0.0011901410420735677
241,5,uniform,2.0059587616539494,0.6028270140699679,0.6193820472092416,0.6022364209646808,0.5807548664753392,0.6199351734072529,0.5918265622933248,0.17950992041587507,0.18800926205338467,0.18432326340691135,0.1762164383362782,0.18077993527383254,0.18176776389725635,0.15904821646281636,0.17141470221080432,0.17673231838364223,0.15560101075226387,0.1670509486348651,0.16596943928887836,0.6193820472092416,0.6022364209646808,0.5807548664753392,0.6199351734072529,0.5918265622933248,0.6028270140699679,0.6116011009852398,0.5941049679009264,0.5721842674935744,0.6121655347034829,0.5834823012158459,0.5947076344598139,1.748840014139811e-06,0.001125981648763021,3.291567166646322e-06,1.470347245534261e-06,1.3847152392069498e-06,1.302162806193034e-06,1.2954076131184896e-06,0.0011475634574890136,0.0011405690511067709,0.0010890460014343262,0.0011234454313913981,0.0011292843023935953
242,5,uniform,2.002579212594167,0.6050952465673394,0.6261845340866563,0.6072322794498948,0.5803469300594883,0.5916071370519254,0.6201053521887322,0.17827746570243366,0.180231659404363,0.1886346825065221,0.1744768725957692,0.17833052195310123,0.17999024043243783,0.16091404494829295,0.16667915306234252,0.17541063343887103,0.16807686366379976,0.16255937554579797,0.1667280141318208,0.6261845340866563,0.6072322794498948,0.5803469300594883,0.5916071370519254,0.6201053521887322,0.6050952465673394,0.6185426506267583,0.5992029563722094,0.5717679916620673,0.5832583902795627,0.6123391924379056,0.5970222362757007,1.685798168182373e-06,0.0011309073766072593,2.952714761098226e-06,1.3480583826700847e-06,1.3568003972371418e-06,1.3293822606404623e-06,1.4420350392659504e-06,0.0010957491397857665,0.0011537019411722819,0.0011553394794464112,0.0011396471659342448,0.0011100991566975911
243,5,uniform,2.0156530046856007,0.6018369775333365,0.6317365848288483,0.6415380612561605,0.5739055576541283,0.5953845256126602,0.566620158314885,0.17081879404291594,0.1742659700107817,0.1796236630478459,0.18544093205607892,0.1922865684671825,0.18048718552496099,0.16013833110009748,0.15554292670093683,0.17478156488784014,0.15856944166447778,0.18646960480668281,0.167100373832007,0.6317365848288483,0.6415380612561605,0.5739055576541283,0.5953845256126602,0.566620158314885,0.6018369775333365,0.6242082015544806,0.6342100488797958,0.565194938730533,0.5871129997308066,0.5577606044814585,0.593697358675415,1.66545311609904e-06,0.0011124378840128581,3.0009945233662925e-06,1.3449788093566895e-06,1.29928191502889e-06,1.372396945953369e-06,1.3096133867899577e-06,0.0011014652252197266,0.0010989689826965332,0.0011445009708404542,0.0011232713858286539,0.0010939828554789226
244,10,distance,2.0,0.6310769839989938,0.5920093517037888,0.6401919757604039,0.5979997976492932,0.6650093347598487,0.6601744601216346,0.18636892240768183,0.1730216282643694,0.1948777430998546,0.1637735720003513,0.1638775628209284,0.1763838857186371,0.171928856772572,0.1551889941166215,0.16503062646189656,0.14800728524045978,0.1505504997034146,0.15814125245899288,0.5920093517037888,0.6401919757604039,0.5979997976492932,0.6650093347598487,0.6601744601216346,0.6310769839989938,0.5836688273774608,0.632836445452269,0.5897817355910164,0.6581611439883295,0.6532274303455863,0.6235351165509323,1.4979044596354167e-06,4.397972424825032e-05,2.4448831876118976e-06,1.2984871864318848e-06,1.2513995170593262e-06,1.2488166491190593e-06,1.2459357579549153e-06,4.4940710067749025e-05,4.431764284769694e-05,4.408796628316243e-05,4.297494888305664e-05,4.357735315958659e-05
245,5,uniform,2.010956455211544,0.5997908356619867,0.5787820985897677,0.5853539953688075,0.6257340384515497,0.6229782619330696,0.5861057839667392,0.18455460753003575,0.17920754583334428,0.17424858373235358,0.17415762748859193,0.1887456335189926,0.1801827996206636,0.17969166273140252,0.17041597064906178,0.16572212462736718,0.1580450589938968,0.16929833249312204,0.16863462989897005,0.5787820985897677,0.5853539953688075,0.6257340384515497,0.6229782619330696,0.5861057839667392,0.5997908356619867,0.5701711704519095,0.576877416057778,0.618082945540849,0.6152708328754832,0.5776445734175073,0.5916093876687054,1.534899075826009e-06,0.0011114491621653237,2.4469693501790365e-06,1.3350447018941244e-06,1.2965003649393717e-06,1.305242379506429e-06,1.290738582611084e-06,0.001109927495320638,0.0011208784580230714,0.001105631192525228,0.0011075286070505778,0.0011132800579071046
246,10,distance,2.0,0.6182499074377212,0.5930401189679301,0.6271548953704599,0.650835722079895,0.6288110231688573,0.5914077776014633,0.18447878472306575,0.17076475052928353,0.1744411206542903,0.18595444718465529,0.1728350785918707,0.17769483633663313,0.17147850140073823,0.15454066141166664,0.15118061046412787,0.1680981718314512,0.16910192377416886,0.16287997377643054,0.5930401189679301,0.6271548953704599,0.650835722079895,0.6288110231688573,0.5914077776014633,0.6182499074377212,0.5847206665447873,0.6195328489385101,0.6436977811343392,0.6212228328418152,0.5830549553377795,0.6104458169594462,1.6025503476460775e-06,4.471174875895181e-05,2.994239330291748e-06,1.2881557146708171e-06,1.24971071879069e-06,1.2424588203430175e-06,1.2381871541341146e-06,4.89354133605957e-05,4.3662786483764646e-05,4.33202584584554e-05,4.399696985880534e-05,4.364331563313802e-05
247,10,distance,2.0,0.6189287661574485,0.6243738242528825,0.5986535209834519,0.6190791987694264,0.6392353759904887,0.613301910790993,0.18065454188171384,0.1807444219665006,0.17510532044986654,0.1732771785117195,0.1800116564807384,0.17795862385810776,0.15767990132332504,0.16943356649046526,0.15955485068101627,0.16021756376037913,0.16638145809022464,0.16265346806908207,0.6243738242528825,0.5986535209834519,0.6190791987694264,0.6392353759904887,0.613301910790993,0.6189287661574485,0.6166949245783246,0.5904488229456349,0.6112920614359223,0.6318602899800728,0.6053966687628702,0.611138553540565,1.6368428866068522e-06,4.439886411031087e-05,3.1347076098124187e-06,1.3077259063720704e-06,1.2426575024922688e-06,1.2492140134175618e-06,1.2499094009399413e-06,4.625558853149414e-05,4.407366116841634e-05,4.4152339299519857e-05,4.312872886657715e-05,4.4384002685546874e-05
248,10,distance,2.0,0.6242675822048052,0.638020718045176,0.6324900084590472,0.6090673227546758,0.5993358393436654,0.6424240224214611,0.17725650494557904,0.1803540993264611,0.1895061227161296,0.1708206087412394,0.16879949876089567,0.17734736689806097,0.15610111741308955,0.16249099813070328,0.16794321817329663,0.16025622825188818,0.15597438209662487,0.1605531888131205,0.638020718045176,0.6324900084590472,0.6090673227546758,0.5993358393436654,0.6424240224214611,0.6242675822048052,0.6306208008672238,0.6249770273713275,0.6010755133390984,0.5911450898924286,0.6351141216873173,0.6165865106314791,1.6752481460571286e-06,4.487737019856771e-05,3.339846928914388e-06,1.2934207916259765e-06,1.25199556350708e-06,1.245737075805664e-06,1.2452403704325358e-06,4.8294862111409505e-05,4.38233216603597e-05,4.458824793497722e-05,4.411419232686361e-05,4.356622695922851e-05
249,5,uniform,2.0790611445863094,0.603323596206343,0.5729761761869038,0.5996887243674787,0.6119571125157253,0.6398254082968926,0.5921705596647149,0.18490772428388183,0.17469724924681462,0.1843455378130697,0.16911688309904943,0.1889204644520822,0.18039757177897958,0.17278605890872772,0.1662389663742062,0.17122944130618262,0.15381571834117447,0.16956129318629476,0.16672629562331714,0.5729761761869038,0.5996887243674787,0.6119571125157253,0.6398254082968926,0.5921705596647149,0.603323596206343,0.5642465579828881,0.5915051889201358,0.6040243788703908,0.6324623842757047,0.5838333309014723,0.5952143681901183,1.4417370160420737e-06,0.0010915684700012207,1.8993020057678222e-06,1.3648470242818197e-06,1.2874603271484376e-06,1.2915333112080892e-06,1.3655424118041992e-06,0.0011118868986765543,0.001099719206492106,0.0011201139291127523,0.0010810105005900066,0.0010451118151346842
250,5,uniform,2.01743364318651,0.5971980520356319,0.5812018129384269,0.6069165004079788,0.6067576666013028,0.5959123021014914,0.5952019781289599,0.1837411264933341,0.18351005661251263,0.1806310619788375,0.18559090571632195,0.17229941960580503,0.18115451408136224,0.17794675674784438,0.1689329326971132,0.16272266410812614,0.17194942824547835,0.16327804783016361,0.16896596592574514,0.5812018129384269,0.6069165004079788,0.6067576666013028,0.5959123021014914,0.5952019781289599,0.5971980520356319,0.5726403508519893,0.5988807218813957,0.5987186410463039,0.5876515655175355,0.5869267204416473,0.5889635999477744,1.416226228078206e-06,0.0011107044219970702,1.8762548764546711e-06,1.3350447018941244e-06,1.2985865275065103e-06,1.289347807566325e-06,1.281897226969401e-06,0.0011036964257558188,0.0011217761039733886,0.0011124054590861002,0.0011163310209910075,0.0010993131001790365
251,5,uniform,2.0,0.6049944141325797,0.6090577339427452,0.6024337843275628,0.5768368978417162,0.6078522553412506,0.6287913992096237,0.1734780074814325,0.17856882019408782,0.1894821036109016,0.1824583574739206,0.1787390959053779,0.18054527693314407,0.1615568307473772,0.16418053605493074,0.1727538012594658,0.17157009857942182,0.16100428990752472,0.16621311130974406,0.6090577339427452,0.6024337843275628,0.5768368978417162,0.6078522553412506,0.6287913992096237,0.6049944141325797,0.6010657285037553,0.5943063659492507,0.5681862041008314,0.5998356063874091,0.6212028077113536,0.59691934253052,1.4789501825968424e-06,3.959274291992188e-05,2.393921216328939e-06,1.258552074432373e-06,1.2504061063130696e-06,1.2485186258951822e-06,1.2433528900146484e-06,3.997047742207845e-05,3.942529360453288e-05,3.989497820536296e-05,3.931403160095215e-05,3.9358933766682945e-05
252,5,uniform,2.0162402430719037,0.59694602482635,0.5945805522754342,0.6074812416110373,0.6482669427729829,0.5765225535169918,0.5578788339553031,0.184376369220221,0.17957387469543656,0.17268322779650036,0.18913782682168057,0.1872533888605843,0.18260493747888457,0.1702997016957907,0.1652466125852765,0.1552431745608643,0.16980367310919625,0.17540679878481047,0.16719999214718767,0.5945805522754342,0.6074812416110373,0.6482669427729829,0.5765225535169918,0.5578788339553031,0.59694602482635,0.5862925908228025,0.599457008049423,0.6410764884514766,0.5678654336570326,0.5488405818385461,0.5887064205638561,1.5560785929361979e-06,0.0011028238137563069,2.573033173878988e-06,1.3377269109090168e-06,1.2954076131184896e-06,1.2875596682230631e-06,1.2866655985514323e-06,0.0011171384652455647,0.0011105016867319743,0.001098409096399943,0.001097860336303711,0.0010902094841003418
253,5,uniform,2.035987966053784,0.6038790311435347,0.6035433332443256,0.6596694662822769,0.6013628033779705,0.5647460260759413,0.5900735267371593,0.18176292735762292,0.17583196980108753,0.1826619960273148,0.18750300772494946,0.1765000876843571,0.18085199771906635,0.16233825392500204,0.1532051960769297,0.17128067324667012,0.1722114895853091,0.17105852648893302,0.1660188278645688,0.6035433332443256,0.6596694662822769,0.6013628033779705,0.5647460260759413,0.5900735267371593,0.6038790311435347,0.5954385972970205,0.6527121129524427,0.5932134910109104,0.5558481594880559,0.5816934284762494,0.5957811578449357,1.6581416130065917e-06,0.0011012097199757894,3.1079848607381183e-06,1.3343493143717448e-06,1.2807051340738933e-06,1.2845794359842936e-06,1.2830893198649089e-06,0.0011117931207021078,0.0010798207918802896,0.001111316680908203,0.0010934789975484212,0.001109639008839925
254,5,uniform,2.007105818115333,0.5943049072951933,0.5996358768416639,0.607156251045031,0.5658967238408907,0.5840554509632482,0.6147802337851327,0.1873745435588187,0.18589447413142368,0.18154961746528975,0.17415705579593452,0.1823964098937939,0.1822744201690521,0.17205129381042525,0.16566359684333126,0.17693910668185442,0.16833896739319992,0.16201033339930068,0.16900065962562233,0.5996358768416639,0.607156251045031,0.5658967238408907,0.5840554509632482,0.6147802337851327,0.5943049072951933,0.5914512610360421,0.5991253737239755,0.5570223808870418,0.5755523255996349,0.6069052130107231,0.5860113108514835,1.679956912994385e-06,0.0011078806718190512,2.8330087661743165e-06,1.4286239941914877e-06,1.3802448908487956e-06,1.3217329978942872e-06,1.436173915863037e-06,0.0011172755559285482,0.0011103733380635578,0.0011073561509450276,0.001097406546274821,0.0011069917678833009
255,4,uniform,2.011306787294923,0.5875135482030907,0.5863487535109064,0.5656297333979645,0.6101500733017798,0.5779962296887167,0.5974429511160854,0.17971017936203257,0.18407944550283403,0.1868396617551877,0.18616527868387242,0.17647636944036263,0.18265418694885788,0.17272246007125544,0.17987200348470564,0.16399123978872274,0.1703454964877298,0.17086693235019837,0.1715596264365224,0.5863487535109064,0.5656297333979645,0.6101500733017798,0.5779962296887167,0.5974429511160854,0.5875135482030907,0.5778925099710953,0.5567499323771392,0.6021803984800105,0.5693692360878047,0.5892135054830241,0.5790811164798149,1.4604727427164715e-06,0.0010627795060475667,2.0683805147806804e-06,1.3426939646402995e-06,1.2984871864318848e-06,1.2968977292378743e-06,1.2959043184916179e-06,0.001055055856704712,0.0010765473047892253,0.0010556395848592122,0.001073837677637736,0.0010528171062469483
256,11,uniform,6.086439381369709,0.5622427753392871,0.5590103726012775,0.5692173674418284,0.5875015229750873,0.5395407641796843,0.5559438494985581,0.19069831620875394,0.1883182812909978,0.1903229143485405,0.19853930420885801,0.1963257197350281,0.19284090715843566,0.17484202219938644,0.16510444177626374,0.16748660173906496,0.18123321273290866,0.17123245331777034,0.17197974635307883,0.5590103726012775,0.5692173674418284,0.5875015229750873,0.5395407641796843,0.5559438494985581,0.5622427753392871,0.5499952524500259,0.5604109081731775,0.5790688454209153,0.5301276281833576,0.5468660406297041,0.5532937349714361,1.596689224243164e-06,0.0008831728299458823,2.6610493659973146e-06,1.3805429140726724e-06,1.2951095898946125e-06,1.3534228006998698e-06,1.293321450551351e-06,0.000902790625890096,0.0008801595369974772,0.0008601816495259603,0.0008786837259928385,0.0008940486113230388
257,11,uniform,5.885663571868228,0.5622593000576283,0.5654804883631235,0.5755474029110892,0.575779798915615,0.550640103304439,0.5438487067938744,0.19875503451956167,0.1909735313665512,0.18726755048551216,0.19448380254748993,0.19414832781731872,0.19312564934728677,0.17491113597953944,0.1729513360193065,0.1696847726410127,0.17051580213479384,0.16943989131648116,0.17150058761822673,0.5654804883631235,0.5755474029110892,0.575779798915615,0.550640103304439,0.5438487067938744,0.5622593000576283,0.5565976363364753,0.5668703481154045,0.5671074949752187,0.5414538703225877,0.5345236377675141,0.55331059750344,1.552104949951172e-06,0.000893497625986735,2.4743874867757163e-06,1.3558069864908854e-06,1.307527224222819e-06,1.326898733774821e-06,1.2959043184916179e-06,0.0008921400705973307,0.0008954751491546631,0.0008953964710235596,0.0008845885594685872,0.0008998878796895345
258,11,uniform,5.550067809630302,0.5637772712047352,0.5844533900496858,0.5832967160311404,0.5598581079865945,0.526225230143869,0.5650529118123861,0.19446191508878605,0.18957280236504298,0.19375962940495783,0.19357093751443719,0.1884603673400196,0.19196513034264873,0.1694298399471292,0.17115446920560204,0.16736625376994707,0.17746063839102316,0.17227431903654328,0.17153710407004893,0.5844533900496858,0.5832967160311404,0.5598581079865945,0.526225230143869,0.5650529118123861,0.5637772712047352,0.5759583997270217,0.5747780799023051,0.5508603180306135,0.516539885615294,0.556161318868176,0.554859600428682,1.7080903053283691e-06,0.0008946166038513184,3.320475419362386e-06,1.3377269109090168e-06,1.2979904810587565e-06,1.2931227684020996e-06,1.2911359469095865e-06,0.0009110081195831299,0.000907735824584961,0.0008792050679524739,0.0009003051122029622,0.0008748288949330647
259,12,uniform,5.3317603287649495,0.5617945125905047,0.511929280157546,0.6130191384558326,0.5505091341742194,0.5743917364803743,0.5591232736845512,0.20056011710258556,0.18692708379907969,0.18662410327992568,0.18906913259205838,0.20638897650490493,0.19391388265571083,0.18854142436064425,0.1595880903455861,0.16800435765922198,0.1642160937846899,0.17183496583958638,0.17043698639794572,0.511929280157546,0.6130191384558326,0.5505091341742194,0.5743917364803743,0.5591232736845512,0.5617945125905047,0.5019516845219252,0.6051081157326128,0.5413202237995868,0.565691056476566,0.5501104615622592,0.5528363084185901,1.6038219134012856e-06,0.000928724765777588,2.8110543886820477e-06,1.3237198193868e-06,1.2931227684020996e-06,1.2931227684020996e-06,1.2980898221333821e-06,0.0009254225095113119,0.000923234224319458,0.0009372138977050781,0.0009345523516337077,0.0009232008457183838
260,15,distance,2.004078556234094,0.6127534474661115,0.6140893792345405,0.612897724100274,0.5957463282152753,0.6174354751770257,0.623598330603442,0.17974375516740446,0.17688134652568308,0.18545999202527583,0.1806505642018954,0.1830881571473695,0.18116476301352563,0.16481029573738795,0.15562172557232645,0.16400871782449117,0.16837699031122405,0.15642358748124333,0.1618482633853346,0.6140893792345405,0.612897724100274,0.5957463282152753,0.6174354751770257,0.623598330603442,0.6127534474661115,0.6062002353688072,0.604984219311864,0.5874821986387562,0.6096147353169308,0.6159035775663744,0.6048369932405466,1.6940832138061526e-06,0.0013457844257354736,3.157854080200195e-06,1.317262649536133e-06,1.3081232706705728e-06,1.3611714045206705e-06,1.32600466410319e-06,0.0013356812795003255,0.0013461057345072428,0.0013730974992116293,0.001346667210261027,0.0013273704051971437
261,10,distance,3.3228823039107027,0.5871686102028806,0.5655163922483892,0.6264099381211351,0.5678624244243464,0.5816306095033987,0.5944236867171331,0.18519254758578454,0.1824551102727088,0.1843591677193002,0.1810922914570069,0.19234267208385175,0.18508835782373043,0.17025292561108968,0.16061561443675382,0.1679532591954469,0.17458856928354105,0.17133540358712032,0.16894915442279035,0.5655163922483892,0.6264099381211351,0.5678624244243464,0.5816306095033987,0.5944236867171331,0.5871686102028806,0.5566342742023598,0.6187726625801702,0.5590282661502274,0.5730779132751889,0.5861325184728496,0.5787291269361592,1.632392406463623e-06,0.0010255380471547444,2.9035409291585285e-06,1.3167659441630045e-06,1.3014674186706543e-06,1.2976924578348797e-06,1.3424952824910482e-06,0.0010218751430511475,0.0010181355476379394,0.0010121317704518636,0.0010417342185974122,0.0010338135560353596
262,10,distance,3.3504090858109388,0.5975630375475062,0.5823003931035131,0.6159129425710919,0.6092574812388794,0.584793948418002,0.5955504224060448,0.18860030994736127,0.17605869124774884,0.17704893150565446,0.18832497417498223,0.18499891026289367,0.18300636342772808,0.17058322599007522,0.16844528859646787,0.16126456661043384,0.1729273614394429,0.16200013855503784,0.16704411623829152,0.5823003931035131,0.6159129425710919,0.6092574812388794,0.584793948418002,0.5955504224060448,0.5975630375475062,0.5737613892146582,0.6080610776832778,0.6012695592199127,0.5763059201062746,0.5872822879407511,0.5893360468329749,1.6845067342122396e-06,0.0010157918135325114,3.130833307902018e-06,1.3225277264912923e-06,1.2935201327006023e-06,1.2997786204020183e-06,1.3758738835652669e-06,0.0010238281885782878,0.0010263315836588542,0.0009998710950215658,0.0010098644097646077,0.0010190637906392415
263,10,distance,3.3070993009738343,0.5835113920979467,0.5657661826584457,0.645327289298947,0.5615356596161459,0.5452113889355794,0.5997164399806152,0.18959935781432283,0.1690167898905394,0.18568677011499532,0.2032308140542691,0.18463129041570828,0.18643300445796698,0.16960667425876308,0.15381289543696847,0.16858167145752737,0.18094711290739796,0.17348892511637154,0.1692874558354057,0.5657661826584457,0.645327289298947,0.5615356596161459,0.5452113889355794,0.5997164399806152,0.5835113920979467,0.5568891710603219,0.638076739846796,0.5525721637309564,0.5359141771250631,0.5915334711216158,0.5749971445769507,1.5084147453308105e-06,0.0010281525452931722,2.2138158480326334e-06,1.3262033462524414e-06,1.2975931167602539e-06,1.3030568758646648e-06,1.4014045397440592e-06,0.0010482474168141682,0.0010428675015767416,0.0010181478659311931,0.0010252424081166585,0.0010062575340270997
264,10,distance,3.4338847690546874,0.5871812137609067,0.5293977854368193,0.6101778091790933,0.5869823225538102,0.5883496296541173,0.6209985219806937,0.19542043434561407,0.19504525167888226,0.17535524333381616,0.177485869047725,0.18409753570429496,0.1854808668220665,0.18032337667076587,0.1702747139396004,0.1653639901555887,0.16245738188680733,0.15994609133725365,0.1676731107980032,0.5293977854368193,0.6101778091790933,0.5869823225538102,0.5883496296541173,0.6209985219806937,0.5871812137609067,0.5197772972345055,0.6022087013599265,0.5785390310216905,0.5799342898855473,0.6132506212375393,0.578741988147842,1.490672429402669e-06,0.0010139229297637937,1.9160906473795574e-06,1.3242165247599283e-06,1.4337897300720215e-06,1.3304750124613443e-06,1.448790232340495e-06,0.0010058859984079997,0.0010241182645161946,0.0010265688101450603,0.0010032900174458822,0.001009751558303833
265,10,distance,4.151637302930535,0.5731382527615333,0.5601475977949331,0.5774007188846393,0.5887890745159854,0.557086694995017,0.5822671776170918,0.18700299704705883,0.1820413947361734,0.19558919369281128,0.1844463765615082,0.19378305298781104,0.18857260300507256,0.17685204007971045,0.17817963850620802,0.16933180899281516,0.17457730609178693,0.1588004028756536,0.17154823930923482,0.5601475977949331,0.5774007188846393,0.5887890745159854,0.557086694995017,0.5822671776170918,0.5731382527615333,0.551155725858884,0.5687615512979538,0.5803827182880328,0.548032249236823,0.573727494706368,0.5644119478776123,1.6423861185709637e-06,0.0009502354462941488,2.899169921875e-06,1.3196468353271485e-06,1.3030568758646648e-06,1.2948115666707356e-06,1.395245393117269e-06,0.0009723913669586182,0.0009719423453013102,0.0009293762842814127,0.0009458430608113606,0.000931624174118042
266,10,distance,3.5052344091208854,0.5893669594196209,0.5725252680853086,0.5806718954213153,0.6203047803310435,0.6151279569221291,0.5582048963383085,0.1926137220486053,0.1850750672597134,0.17710121205669085,0.18816039753824826,0.18298297318423434,0.18518667441749842,0.17618422161135427,0.1679147516414046,0.1620816314999725,0.16278964846481178,0.1706692199520384,0.1679278946339163,0.5725252680853086,0.5806718954213153,0.6203047803310435,0.6151279569221291,0.5582048963383085,0.5893669594196209,0.5637864319984665,0.5720996002680883,0.6125426974758008,0.6072600446275218,0.5491733098920729,0.5809724168523901,1.5069047609965006e-06,0.0010064170360565186,2.238452434539795e-06,1.3337532679239908e-06,1.2984871864318848e-06,1.3104081153869629e-06,1.3534228006998698e-06,0.0010138857364654541,0.000993332068125407,0.0009877121448516846,0.0010304415225982665,0.0010067137082417806
267,10,distance,3.6164736409884144,0.5921689505550656,0.6008692634813214,0.6263558012979566,0.533341181813558,0.6140172536759017,0.5862612525065898,0.18443750009571072,0.17788121147199468,0.20170110818176218,0.1689690322546079,0.19119604806210325,0.18483698001323573,0.16551129998174738,0.15808569386642815,0.17748181155545018,0.15897327767995584,0.17428961318418565,0.16686833925355343,0.6008692634813214,0.6263558012979566,0.533341181813558,0.6140172536759017,0.5862612525065898,0.5921689505550656,0.5927098617126261,0.6187174190416969,0.5238013081879409,0.6061266353524106,0.5778032201898591,0.5838316888969067,1.455545425415039e-06,0.0009908324082692464,1.925925413767497e-06,1.316666603088379e-06,1.3133883476257324e-06,1.2973944346110025e-06,1.4243523279825847e-06,0.0009607414404551189,0.0010118762652079265,0.0009914449850718181,0.0010097694396972656,0.000980329910914103
268,10,distance,4.499005393370258,0.5850611279764022,0.5842796291223274,0.5640895255689629,0.5821011772323014,0.5706618673141637,0.6241734406442556,0.1863294659498199,0.19011014227819192,0.19672151930365345,0.19093148739755283,0.17018702708504208,0.18685592840285203,0.17562078740725934,0.16493067023880928,0.17689443210330594,0.17060122392507343,0.1523706620272575,0.16808355514034107,0.5842796291223274,0.5640895255689629,0.5821011772323014,0.5706618673141637,0.6241734406442556,0.5850611279764022,0.5757810866171621,0.5551782381870678,0.5735581007873058,0.5618849378555095,0.6164904445415829,0.5765785615977256,1.5113353729248048e-06,0.0009217671553293864,2.3544828097025552e-06,1.3158718744913738e-06,1.2952089309692383e-06,1.2912352879842123e-06,1.299877961476644e-06,0.0009626527627309163,0.0009139597415924073,0.0009262883663177491,0.0008928271134694418,0.0009131077925364176
269,10,distance,3.9737330239487667,0.5817292661284126,0.5786565215892754,0.5766291094483887,0.5450232338891516,0.6138296405672493,0.5945078251479975,0.1878103948125716,0.18915972769111128,0.1957865384153377,0.18330283876528658,0.18338813141348176,0.18788952621955776,0.17181277921191165,0.16899340092602835,0.1784697402890969,0.16228684803182306,0.16101145720394613,0.16851484513256124,0.5786565215892754,0.5766291094483887,0.5450232338891516,0.6138296405672493,0.5945078251479975,0.5817292661284126,0.5700430262895673,0.5679741679038924,0.5357221756381632,0.6059351868820824,0.5862183769397793,0.573178586730697,1.703957716623942e-06,0.0009658884207407634,3.1276543935139976e-06,1.3918677965799967e-06,1.3144810994466147e-06,1.3145804405212402e-06,1.3712048530578613e-06,0.0009595247109731039,0.0009761703014373779,0.0009659155209859212,0.0009816694259643555,0.0009461621443430583
270,10,distance,4.651355010454745,0.5798207452139857,0.6127446040695899,0.5595867161171114,0.5502872214948393,0.5905953172094768,0.5858898671789112,0.18104793760798907,0.1922869388283938,0.1914429049604309,0.18897060194903248,0.18180791879206276,0.1871112604275818,0.1630746240874646,0.17331993263566486,0.18159695053749716,0.16451372393712976,0.1690619173916228,0.17031342971787583,0.6127446040695899,0.5595867161171114,0.5502872214948393,0.5905953172094768,0.5858898671789112,0.5798207452139857,0.6048279690590874,0.5505833781160984,0.5410937745748019,0.5822258858747471,0.5774242426578668,0.5712310500565204,1.5514492988586428e-06,0.0009241493542989094,2.4814407030741374e-06,1.3463695844014486e-06,1.3033548990885417e-06,1.3152758280436198e-06,1.3108054796854655e-06,0.0009586783250172933,0.0009193710486094156,0.0009253748257954915,0.000910950501759847,0.0009063720703125
271,10,distance,4.080942422160527,0.5791776991811294,0.6106204433190057,0.5592902253411554,0.5805223050129718,0.5665567770170548,0.5788987452154593,0.18007355327275115,0.19097028059443816,0.18196995619185174,0.1937073944358988,0.19206369161081768,0.1877569752211515,0.16572508641417716,0.1762867624069118,0.1661750419560843,0.16968458151385626,0.1717185735064435,0.16991800915949457,0.6106204433190057,0.5592902253411554,0.5805223050129718,0.5665567770170548,0.5788987452154593,0.5791776991811294,0.6026603842386447,0.5502808261999184,0.5719469517934754,0.5576959274841836,0.5702902016764226,0.5705748582785289,1.7211635907491047e-06,0.00095601487159729,3.3551454544067382e-06,1.3053417205810546e-06,1.2946128845214843e-06,1.297295093536377e-06,1.3534228006998698e-06,0.0009486083189646403,0.0009494419892628988,0.0009591317176818847,0.000959403117497762,0.0009634892145792643
272,6,distance,6.123399945833186,0.5648997286727705,0.5342279787808735,0.5802665159891511,0.5390247964979205,0.5761610956286879,0.5948182564672195,0.19706924956652835,0.18350542260562083,0.19222882362523766,0.18548418430001742,0.18729860842965124,0.18911725770541113,0.1806143170066425,0.1691919951628051,0.18936764649258137,0.1697262380262676,0.16499360890595646,0.17477876111885063,0.5342279787808735,0.5802665159891511,0.5390247964979205,0.5761610956286879,0.5948182564672195,0.5648997286727705,0.5247062338837192,0.5716859336925069,0.529601112610314,0.5674965865103647,0.5865351543847777,0.5560050042163365,1.682281494140625e-06,0.0007428998947143554,3.1964977582295734e-06,1.2970964113871257e-06,1.2860695521036785e-06,1.3315677642822266e-06,1.3001759847005208e-06,0.0007447111606597901,0.0007383545239766439,0.0007461420694986979,0.000745995839436849,0.0007392958799997965
273,6,distance,6.040978694699615,0.5603821454253408,0.5798428643225484,0.5221046293078467,0.5606112378912631,0.5414812822927675,0.5978707133122778,0.1886455399798719,0.19870686935739537,0.19214543902115538,0.19500834641645562,0.1855268210983785,0.19200660317465135,0.17646936366542507,0.17936664135341046,0.16708496886885568,0.18163132555354572,0.16288024119893496,0.1734865081280344,0.5798428643225484,0.5221046293078467,0.5606112378912631,0.5414812822927675,0.5978707133122778,0.5603821454253408,0.5712536213444743,0.5123350476241912,0.5516288441173196,0.5321078161726878,0.5896500123919155,0.5513950683301176,1.584013303120931e-06,0.000742540995279948,2.7210513750712075e-06,1.2979904810587565e-06,1.29014253616333e-06,1.3024608294169108e-06,1.30842129389445e-06,0.0007670346895853679,0.000736840565999349,0.0007517429192860921,0.0007370094458262126,0.0007200773557027181
274,6,distance,6.031162189627195,0.56109159076238,0.5503513838404983,0.54327520613139,0.5516579818818175,0.5511506905323909,0.6090226914258035,0.19222161296689103,0.19369651662707657,0.18955651036969837,0.20093664157307561,0.1738643496059858,0.19005512622854548,0.1798249698035783,0.18081641607598423,0.17078654773484633,0.17930290816443448,0.16632259207296168,0.175410686770361,0.5503513838404983,0.54327520613139,0.5516579818818175,0.5511506905323909,0.6090226914258035,0.56109159076238,0.5411592485868117,0.5339384130710436,0.5424925573206281,0.5419748954495778,0.6010299696150874,0.5521190168086297,1.3994375864664713e-06,0.0007479629516601563,1.7574429512023925e-06,1.3118982315063477e-06,1.3116002082824706e-06,1.2965997060139974e-06,1.3196468353271485e-06,0.0007706308364868165,0.000753475824991862,0.0007268400986989339,0.0007442156473795573,0.0007446523507436116
275,6,distance,6.0283023904030015,0.5709235490722498,0.5383917141728023,0.5519792466052191,0.5875736579220293,0.5685916508415128,0.6080814758196857,0.20125831448492149,0.1922073879245209,0.18194442200647418,0.19012273531792004,0.18122910181530277,0.18935239230982787,0.18134683311597088,0.17257122539425432,0.16650899736137323,0.17617090183516712,0.16293434780641802,0.17190646110263672,0.5383917141728023,0.5519792466052191,0.5875736579220293,0.5685916508415128,0.6080814758196857,0.5709235490722498,0.5289550882274422,0.542820389636331,0.5791424550175392,0.5597724000921058,0.6000695128040745,0.5621519691554985,1.6433795293172202e-06,0.0007538926601409913,2.938210964202881e-06,1.3096133867899577e-06,1.365045706431071e-06,1.3082226117451986e-06,1.295804977416992e-06,0.0007678345839182536,0.0007853305339813232,0.0007427736123402914,0.0007288658618927002,0.0007446587085723877
276,6,distance,6.0248353027386905,0.5592690603407577,0.5535014510280944,0.556162722748706,0.5313441844680056,0.6101640534736704,0.5451728899853121,0.18404287785352688,0.194882776081802,0.19745579147623032,0.18100363073046735,0.19542585769993065,0.19056218676839146,0.17767441132642883,0.1742277240979679,0.18122696156069482,0.16104343695449144,0.18374625038493603,0.17558375686490382,0.5535014510280944,0.556162722748706,0.5313441844680056,0.6101640534736704,0.5451728899853121,0.5592690603407577,0.5443737123779022,0.5470893882904173,0.5217634863651368,0.6021946644475785,0.5358748911434446,0.5502592285248958,1.4861623446146645e-06,0.0007478194236755371,2.002418041229248e-06,1.3153751691182453e-06,1.3626615206400554e-06,1.4307101567586263e-06,1.3196468353271485e-06,0.0007737942536671956,0.0007521768411000569,0.0007555019855499267,0.0007612669467926026,0.0006963570912679036
277,6,distance,6.02204812407336,0.5640616077636229,0.5321043618411139,0.5668828006053543,0.5753331339293016,0.5433043303286307,0.6026834121137142,0.19306710162339738,0.1903659989784178,0.187940435864133,0.19289499728321008,0.18861659673835618,0.1905770260975029,0.18090954767182688,0.1751773339157105,0.16625156096928617,0.1856747093714015,0.15902268936383596,0.17340716825841224,0.5321043618411139,0.5668828006053543,0.5753331339293016,0.5433043303286307,0.6026834121137142,0.5640616077636229,0.5225392039911878,0.5580286159499273,0.5666516988477882,0.5339681326522143,0.5945610968587987,0.5551497496599833,1.6453266143798826e-06,0.0007456770737965901,2.9215216636657715e-06,1.3496478398640951e-06,1.286168893178304e-06,1.3674298922220866e-06,1.3018647829691568e-06,0.000748681624730428,0.0007279527187347412,0.0007756284872690837,0.000757450262705485,0.0007186722755432129
278,6,distance,6.019965541269708,0.5651870622731918,0.5398060174182875,0.5456806506960301,0.5724756377051449,0.5671853626637126,0.6007876428827839,0.20458196848433138,0.19241303141753452,0.18843742059953242,0.18661319082519948,0.17803789232542747,0.19001670073040505,0.18166291315459918,0.17872531482117446,0.1701177304970696,0.17145438123850223,0.16566589609039373,0.17352524716034784,0.5398060174182875,0.5456806506960301,0.5724756377051449,0.5671853626637126,0.6007876428827839,0.5651870622731918,0.5303983039753906,0.5363930319709063,0.5637357870279076,0.5583373632633114,0.5926265725498936,0.556298211757482,1.366098721822103e-06,0.0007474837303161621,1.4795859654744467e-06,1.3026595115661621e-06,1.3681252797444661e-06,1.306931177775065e-06,1.3731916745503744e-06,0.000765002171198527,0.000746840238571167,0.0007563837369283041,0.0007358213265736897,0.0007333711783091227
279,7,distance,6.009830129442181,0.5710288765115789,0.5688819928497948,0.593313971422013,0.5948119787003192,0.5258625656209528,0.5722738739648149,0.1879490601724006,0.1925614879067651,0.17729237977740253,0.18704479837823668,0.19758287542504893,0.1884861203319708,0.1747072696714021,0.1701004826493912,0.16201561809475687,0.18288449546941798,0.17214062321355444,0.17236969781970451,0.5688819928497948,0.593313971422013,0.5948119787003192,0.5258625656209528,0.5722738739648149,0.5710288765115789,0.5600686775417838,0.5850001173454613,0.5865287482819271,0.5161698071668667,0.5635298986455266,0.5622594497963131,1.5464822451273599e-06,0.0007757798035939534,2.4720033009847007e-06,1.2979904810587565e-06,1.29928191502889e-06,1.333157221476237e-06,1.329978307088216e-06,0.0007857549190521241,0.0007627546787261963,0.0007910017172495524,0.000773392120997111,0.0007659955819447835
280,10,distance,2.0,0.6248959799720097,0.6421878399613897,0.6020466639706479,0.6202068974603878,0.6398580972401452,0.6201804012274785,0.17586288302207212,0.1862504975561559,0.17659381606625,0.17143706760470065,0.17504155007879824,0.1770371628655954,0.15841280733403268,0.1678778920924377,0.15841340329064282,0.15372548227268745,0.1643919254485538,0.1605643020876709,0.6421878399613897,0.6020466639706479,0.6202068974603878,0.6398580972401452,0.6201804012274785,0.6248959799720097,0.6348731109657111,0.5939113317179183,0.6124428135924571,0.632495741476741,0.612415775698909,0.6172277546903473,1.652061939239502e-06,4.5464436213175455e-05,3.1522909800211586e-06,1.3106067975362142e-06,1.2915333112080892e-06,1.2636184692382812e-06,1.2422601381937662e-06,4.897475242614746e-05,4.627585411071777e-05,4.378835360209147e-05,4.410346349080403e-05,4.417975743611654e-05
281,15,distance,2.002654586681021,0.618621088624079,0.6392035845478872,0.6146251868685888,0.6062067520811002,0.6026403639569256,0.6304295556658936,0.17401734361347262,0.183330546618483,0.18111597194318804,0.1771212729373383,0.18257330241137407,0.17963168750477118,0.14864939169162206,0.1642946999841308,0.16533270137966652,0.16526186702808476,0.16058706476217477,0.16082514496913577,0.6392035845478872,0.6146251868685888,0.6062067520811002,0.6026403639569256,0.6304295556658936,0.618621088624079,0.6318278486272306,0.6067469964808938,0.5981564642190443,0.5945171686715476,0.6228744528856394,0.6108245861768712,1.6384323438008626e-06,0.001354337930679321,2.9380122820536294e-06,1.329183578491211e-06,1.2984871864318848e-06,1.2892484664916992e-06,1.3372302055358886e-06,0.0013544805844624838,0.0013839852809906005,0.0013512412707010904,0.0013510290781656902,0.0013309534390767415
282,10,distance,2.0,0.6223974608414089,0.6244328866757705,0.6263704093403156,0.6068972638785907,0.6289828066115299,0.6253039377008378,0.17712548798780167,0.17711860123190473,0.17842789951694674,0.18024292268675363,0.17464687880062169,0.1775123580448057,0.15929723307951085,0.16315951334004125,0.16197024267452975,0.16417650381335738,0.15796388829654223,0.1613134762407963,0.6244328866757705,0.6263704093403156,0.6068972638785907,0.6289828066115299,0.6253039377008378,0.6223974608414089,0.6167551944101984,0.6187323257152455,0.5988610921009809,0.6213981280414079,0.6176440522705313,0.6146781585076728,1.5177528063456216e-06,4.521346092224121e-05,2.364913622538249e-06,1.3241171836853027e-06,1.3890862464904785e-06,1.2571612993876138e-06,1.253485679626465e-06,4.621386528015137e-05,4.771073659261068e-05,4.583636919657389e-05,4.360079765319824e-05,4.2705535888671876e-05
283,10,distance,2.0,0.6124854857072684,0.636582062191664,0.6113191587043973,0.5969132668647538,0.5983646565382199,0.619248284237307,0.17819591284839367,0.17314328759507108,0.1794716988958297,0.1816557105734836,0.18494938860717336,0.1794831997039903,0.1597206177569732,0.1571255077532698,0.17333427235808205,0.1647187835022398,0.16314284959493436,0.16360840619309985,0.636582062191664,0.6113191587043973,0.5969132668647538,0.5983646565382199,0.619248284237307,0.6124854857072684,0.6291527346725838,0.6033733834138568,0.5886729929335393,0.5901540532647253,0.6114646035062128,0.6045635535581836,1.4306505521138509e-06,4.557092984517415e-05,1.9590059916178386e-06,1.3190507888793945e-06,1.372198263804118e-06,1.2492140134175618e-06,1.2537837028503418e-06,4.665215810139974e-05,4.8071940739949544e-05,4.504760106404622e-05,4.417061805725097e-05,4.3912331263224285e-05
284,15,distance,2.011300803263489,0.6117654228209195,0.654926050605416,0.5916526202477691,0.5971972132498429,0.6135093257839663,0.6015419042176036,0.1692156781570706,0.18255751945508325,0.18482809945968895,0.17936903055196105,0.18395810053612147,0.17998568563198508,0.15107255704718517,0.16735717472409725,0.16596489122105468,0.16050784557369388,0.17013951629836802,0.16300839697287978,0.654926050605416,0.5916526202477691,0.5971972132498429,0.6135093257839663,0.6015419042176036,0.6117654228209195,0.6478717279602115,0.5833048032852022,0.588962744014746,0.6056083239260577,0.5933962531964984,0.6038287704765432,1.6588370005289713e-06,0.0013474464416503907,2.905726432800293e-06,1.3773639996846517e-06,1.3118982315063477e-06,1.3546148935953776e-06,1.3445814450581869e-06,0.0013760753472646077,0.0013351317246754965,0.0013251761595408122,0.0013314493497212727,0.001369399627049764
285,15,distance,2.0090947663233703,0.6147102848900561,0.6329642493930533,0.5980018649259533,0.6009379652678943,0.6163858695555677,0.6252614753078118,0.17500963025828875,0.18597891120543134,0.17708021451168693,0.17977274814038727,0.1829432112000161,0.18015694306316204,0.16152968394859699,0.1645359693705438,0.1678070770015062,0.16275260621714907,0.15347406660965607,0.16201988062949044,0.6329642493930533,0.5980018649259533,0.6009379652678943,0.6163858695555677,0.6252614753078118,0.6147102848900561,0.6254609631796233,0.5897838451288688,0.5927799679650234,0.6085436726810649,0.6176007218217705,0.6068338341552701,1.5994906425476075e-06,0.001354020357131958,2.637008825937907e-06,1.385807991027832e-06,1.3121962547302246e-06,1.3062357902526855e-06,1.356204350789388e-06,0.0013520324230194092,0.001371918519337972,0.00132597287495931,0.00136794646581014,0.001352231502532959
286,10,distance,2.0,0.6206737299474738,0.6374025572363495,0.6300894866705424,0.6070328289373434,0.6274913233764532,0.6013524535166808,0.17508078069660019,0.17473274191225827,0.18106366169083443,0.17303056844984155,0.18275370361766338,0.17733229127343958,0.15207925821315332,0.16058201001538977,0.1729760237448743,0.1602795989776853,0.16652659896974661,0.16248869798416987,0.6374025572363495,0.6300894866705424,0.6070328289373434,0.6274913233764532,0.6013524535166808,0.6206737299474738,0.6299900030401591,0.6225274318835688,0.598999428506761,0.6198761545187317,0.5932029295681291,0.6129191895034699,1.6626914342244466e-06,4.52118714650472e-05,3.211696942647298e-06,1.3093153635660806e-06,1.287062962849935e-06,1.2549757957458496e-06,1.2504061063130696e-06,4.824995994567871e-05,4.57608699798584e-05,4.36715284983317e-05,4.375060399373372e-05,4.4626394907633466e-05
287,8,distance,2.003412490632865,0.62430072190312,0.6164854985430767,0.6443537856841994,0.6140584914260354,0.5956534124795514,0.6509524213827375,0.17592473624202493,0.16659142084917128,0.1786419087675662,0.17984201111855647,0.17751242672752304,0.1757025007409684,0.16141310636944592,0.1547115188163537,0.16914436591400073,0.16707648085740076,0.15941704663942338,0.16235250371932491,0.6164854985430767,0.6443537856841994,0.6140584914260354,0.5956534124795514,0.6509524213827375,0.62430072190312,0.6086453383770067,0.6370833349656482,0.6061687161229901,0.5873873834331367,0.6438168661128786,0.616620327802332,1.7290115356445314e-06,0.0012123462359110513,3.383755683898926e-06,1.3477603594462078e-06,1.3218323389689127e-06,1.2953082720438639e-06,1.296401023864746e-06,0.0012357970078786214,0.0011912389596303303,0.0011886854966481526,0.0012184826532999674,0.0012275270620981853
288,10,distance,2.0,0.6180280954248119,0.5952331366639516,0.6282159823677739,0.5948469490530885,0.6277224251655642,0.6441219838736814,0.18891546529355885,0.1790350672872345,0.18141269851267705,0.1690997069193253,0.17236211761668008,0.17816501112589517,0.1692937666937618,0.15853949157970254,0.16722713086257499,0.16255689742352825,0.15597202685400438,0.16271786268271438,0.5952331366639516,0.6282159823677739,0.5948469490530885,0.6277224251655642,0.6441219838736814,0.6180280954248119,0.5869585159483935,0.6206156276631969,0.5865644335311755,0.6201119807055757,0.6368467944469083,0.61021947045905,1.6047755877176918e-06,4.520885149637858e-05,2.8992692629496256e-06,1.3851126035054525e-06,1.2490153312683104e-06,1.241763432820638e-06,1.2487173080444336e-06,4.756768544514974e-05,4.784305890401204e-05,4.3114423751831057e-05,4.371325174967448e-05,4.380583763122559e-05
289,8,distance,2.002612521223977,0.625088561261023,0.6354914755300716,0.6042816516572859,0.6463962530389191,0.61776307605287,0.621510350025968,0.16712139370217652,0.19246624005948082,0.16797548531103657,0.17639985065601052,0.1765717152615818,0.17610693699805724,0.15611014417689964,0.17047405577134273,0.15176802732275957,0.16106843446338684,0.1690641795814816,0.1616969682631741,0.6354914755300716,0.6042816516572859,0.6463962530389191,0.61776307605287,0.621510350025968,0.625088561261023,0.6280398532240423,0.5961920091017279,0.6391675563378408,0.6099490333145982,0.6137729125477935,0.6174242729052006,1.7397801081339518e-06,0.0012146568298339842,3.3858418464660644e-06,1.3350447018941244e-06,1.3047456741333008e-06,1.362760861714681e-06,1.3105074564615886e-06,0.0012000874678293864,0.001211298704147339,0.001198724905649821,0.0012257190545399983,0.0012374540170033772
290,15,uniform,2.007611367188347,0.6088682891964536,0.6362519229221468,0.6006552075120515,0.570130466588739,0.6236603368787816,0.613643512080549,0.17177716750279154,0.185809248797538,0.19660053449683484,0.17845626652519922,0.17939694421982136,0.182408032308437,0.15368638002464502,0.15875461478211175,0.17478491947717292,0.1590276610865418,0.16559023158487843,0.16236876139106998,0.6362519229221468,0.6006552075120515,0.570130466588739,0.6236603368787816,0.613643512080549,0.6088682891964536,0.6288158463890391,0.5924914298121275,0.5613426737421714,0.6159668514316698,0.6057452533837289,0.6008724109517474,1.4534592628479003e-06,0.0013381275335947675,1.9148985544840494e-06,1.3452768325805664e-06,1.2946128845214843e-06,1.3672312100728352e-06,1.3452768325805664e-06,0.001351625919342041,0.0013160522778828938,0.0013597285747528076,0.0013470025857289633,0.0013162283102671306
291,15,distance,2.0050163010920725,0.6190896822395129,0.6316036478121341,0.6083649867009571,0.6266063882837003,0.5932880635684912,0.6355853248322818,0.17461211136241167,0.17654616377986887,0.18056010086603624,0.19618301921179693,0.17215611623618887,0.18001150229126053,0.1579153101894343,0.16232876744645594,0.1609118271442285,0.1633129745643251,0.156460983933476,0.16018597265558393,0.6316036478121341,0.6083649867009571,0.6266063882837003,0.5932880635684912,0.6355853248322818,0.6190896822395129,0.624072546915619,0.6003588194784895,0.6189731287596874,0.5849736798594996,0.6281356210809826,0.6113027592188556,1.7418066660563152e-06,0.0013519500891367594,3.4481287002563477e-06,1.3342499732971192e-06,1.2917319933573405e-06,1.2880563735961914e-06,1.3468662897745769e-06,0.001342169443766276,0.0013539751370747885,0.0013590530554453532,0.0013142180442810058,0.0013903347651163737
292,3,distance,2.0072685049533305,0.5653952431924031,0.5922833765307106,0.5319175878954729,0.5464278166830906,0.5948397465202173,0.561507688332524,0.17846683293489377,0.19863864487923522,0.1840488881657011,0.17504756913472294,0.19025394067925602,0.1852911751587618,0.1634246852668083,0.17745719334781088,0.1831025585821301,0.1810241303068446,0.18581095561214842,0.17816390462314846,0.5922833765307106,0.5319175878954729,0.5464278166830906,0.5948397465202173,0.561507688332524,0.5653952431924031,0.5839484540747797,0.5223486118388216,0.5371554722200532,0.5865570837574279,0.5525436206323371,0.5565106485046839,1.7250974973042804e-06,0.0009967633088429771,3.372033437093099e-06,1.3588865598042805e-06,1.30613644917806e-06,1.2949109077453614e-06,1.2935201327006023e-06,0.001024935245513916,0.0010030484199523926,0.0009791151682535808,0.0009863158067067465,0.0009904019037882488
293,3,distance,2.043874292968037,0.5641466702773233,0.5567161583751881,0.5401510329933835,0.618891796380308,0.5595052694290621,0.5454690942086747,0.18202996238173114,0.19320540185569585,0.16752442214567437,0.19299326854230187,0.19515825335656664,0.18618226165639398,0.17308247949393235,0.19007558142575864,0.16292206246767535,0.1809843344819384,0.18348039954042164,0.17810897148194527,0.5567161583751881,0.5401510329933835,0.618891796380308,0.5595052694290621,0.5454690942086747,0.5641466702773233,0.5476541377627557,0.53075037267979,0.6111008279928526,0.5505002664190941,0.5361771506490565,0.5552365511007098,1.4471213022867838e-06,0.0009832288424173991,1.976490020751953e-06,1.3528267542521158e-06,1.3025601704915364e-06,1.2952089309692383e-06,1.3085206349690755e-06,0.0009758734703063965,0.0010026729106903077,0.000993830362955729,0.0009785175323486328,0.0009652499357859294
294,3,distance,2.0585534390762534,0.5640611261081488,0.5555100119556113,0.5228323801149412,0.5746498215252134,0.5707746590156937,0.5965387579292846,0.18291741617329885,0.19477445212799305,0.1860314391916956,0.1847728964195129,0.18328352282188404,0.18635594534687688,0.17260890426207037,0.18580921226222666,0.17726225245742128,0.18148654794080604,0.17189427281043984,0.17781223794659282,0.5555100119556113,0.5228323801149412,0.5746498215252134,0.5707746590156937,0.5965387579292846,0.5640611261081488,0.5464233341761691,0.513077675790204,0.5659544175359503,0.5620000353499157,0.5882908279380604,0.5551492581580599,1.5369256337483724e-06,0.0009819916884104413,2.448856830596924e-06,1.3471643129984538e-06,1.303255558013916e-06,1.297295093536377e-06,1.2880563735961914e-06,0.0009888939062754312,0.0009752277533213297,0.0009742597738901774,0.0010037187735239665,0.0009678582350413005
295,9,distance,2.0,0.6198579684264443,0.6103407629498403,0.6084228450124936,0.6699953442859325,0.5888640391085448,0.6216668507754106,0.1780037407827794,0.17794101401922077,0.17100320880562503,0.18763931184311544,0.1752076812274881,0.17795899133564574,0.16624087757106062,0.1623097259293868,0.14662067950466115,0.17085597787772053,0.16235334219975794,0.16167612061651743,0.6103407629498403,0.6084228450124936,0.6699953442859325,0.5888640391085448,0.6216668507754106,0.6198579684264443,0.6023749863832272,0.6004178605834474,0.6632490821588988,0.5804592153765219,0.613932612631126,0.6120867514266443,1.5255610148111978e-06,4.469013214111328e-05,2.5093555450439454e-06,1.3717015584309895e-06,1.2504061063130696e-06,1.2451410293579102e-06,1.251200834910075e-06,4.797220230102539e-05,4.4326384862263995e-05,4.4289827346801755e-05,4.2601426442464194e-05,4.426081975301107e-05
296,9,distance,2.0,0.6176411139754994,0.5859136030518325,0.6236606866401588,0.6184972309079693,0.657981900139332,0.6021521491382047,0.1895351628063101,0.17230234756046836,0.1771393903093815,0.1676798052904008,0.18663218900538736,0.17865777899438964,0.17430937937534535,0.1545412057303056,0.1648634169853382,0.1500428867778652,0.16855819068050326,0.1624630159098715,0.5859136030518325,0.6236606866401588,0.6184972309079693,0.657981900139332,0.6021521491382047,0.6176411139754994,0.5774484637615803,0.6159672083431944,0.610698196446122,0.6509900480127084,0.5940189733113878,0.6098245779749986,1.5927950541178382e-06,4.409122467041016e-05,2.932945887247721e-06,1.2829899787902831e-06,1.2481212615966798e-06,1.2451410293579102e-06,1.2547771135965983e-06,4.847049713134766e-05,4.381259282430013e-05,4.229148228963216e-05,4.331231117248535e-05,4.2569239934285485e-05
297,9,distance,2.0,0.6208396617521357,0.6280346692222984,0.6260419603561045,0.6022042716428639,0.6100667770809856,0.6378506304584259,0.1758035414019821,0.18160536320233278,0.17236478067959965,0.18182721251058898,0.17558511521521847,0.1774372026019444,0.1591960565095287,0.16538263893453128,0.16442296972376863,0.16127045067468496,0.15854952236869782,0.16176432764224227,0.6280346692222984,0.6260419603561045,0.6022042716428639,0.6100667770809856,0.6378506304584259,0.6208396617521357,0.6204306079457527,0.6183971622713911,0.5940721613527692,0.6020953994403924,0.6304472361918179,0.6130885134404246,1.6352931658426922e-06,4.4244845708211264e-05,3.106097380320231e-06,1.2723604838053386e-06,1.2655059496561686e-06,1.259744167327881e-06,1.272757848103841e-06,4.8786004384358724e-05,4.308223724365234e-05,4.3578545252482096e-05,4.309336344401042e-05,4.2684078216552735e-05
298,3,distance,2.0084332834117395,0.5611093126497975,0.5678365101433391,0.5691325452180896,0.559959445550958,0.5197376347556641,0.5888804275809364,0.18094057205760639,0.18428419627248302,0.18819068680892662,0.1945252633548056,0.18133930376405272,0.18585600445157485,0.1742761256409321,0.18472228816392608,0.175285400100325,0.1908946545378475,0.1744508343817642,0.179925860564959,0.5678365101433391,0.5691325452180896,0.559959445550958,0.5197376347556641,0.5888804275809364,0.5611093126497975,0.5590018221053836,0.5603243519346435,0.5509637272317272,0.509919664767705,0.5804759388773099,0.5521371009833539,1.614987850189209e-06,0.001000861644744873,2.6807188987731934e-06,1.4069676399230957e-06,1.3492504755655925e-06,1.3475616772969564e-06,1.290440559387207e-06,0.0010093927383422851,0.0009910106658935548,0.0010066250960032144,0.0009966973463694255,0.0010005823771158855
299,3,uniform,2.016003213743427,0.5602010453161548,0.5798382260695119,0.5395644008546544,0.5726670298493062,0.5642749364511801,0.5446606333561211,0.18298178991662556,0.18387183437139362,0.18920521955087083,0.19299168926704394,0.18383557685488705,0.1865772219921642,0.16989710032708588,0.17960678962043175,0.18700227897661773,0.1819649272577496,0.178205339256083,0.17933528708759358,0.5798382260695119,0.5395644008546544,0.5726670298493062,0.5642749364511801,0.5446606333561211,0.5602010453161548,0.5712488882719551,0.5301517480612231,0.5639310917883039,0.5553674394109998,0.5353521624877624,0.5512102660040489,1.6243457794189452e-06,0.0010072193145751953,2.895494302113851e-06,1.3387203216552735e-06,1.2984871864318848e-06,1.2968977292378743e-06,1.2921293576558432e-06,0.0010176753997802733,0.001006099780400594,0.000995095173517863,0.0010131518046061197,0.0010040744145711263
300,12,distance,2.0219965053560003,0.6168530943715742,0.6688686910036994,0.6108009161169263,0.594285431500456,0.6079335930919773,0.6023768401448123,0.1661364327187493,0.18164818877560818,0.18438010913639413,0.1787972649679811,0.18643771834544712,0.17947994278883597,0.14766342867332877,0.16220830174908496,0.16938948961569514,0.16066187738709342,0.16831041984692924,0.1616467034544263,0.6688686910036994,0.6108009161169263,0.594285431500456,0.6079335930919773,0.6023768401448123,0.6168530943715742,0.6620993967823099,0.6028445464293677,0.5859914369144347,0.5999186069200926,0.5942482576605496,0.6090204489413509,1.669446627298991e-06,0.0013127615451812744,3.036955992380778e-06,1.347661018371582e-06,1.2996792793273926e-06,1.291632652282715e-06,1.371304194132487e-06,0.0012889643510182699,0.0012906090418497722,0.0012955709298451742,0.001353004773457845,0.001335658629735311
301,10,distance,2.0,0.6274513603110086,0.6234993076788045,0.6234231916526259,0.6368849832858194,0.6288346923317236,0.6246146266060695,0.17446015642517188,0.17968711240036578,0.1766244622889059,0.17282784530303805,0.1785839875328757,0.17643671279007145,0.15881881542438286,0.16164078588754233,0.15751873432928498,0.15663948128643898,0.1667233976968591,0.16026824292490166,0.6234993076788045,0.6234231916526259,0.6368849832858194,0.6288346923317236,0.6246146266060695,0.6274513603110086,0.6158025303230049,0.6157248582622197,0.6294618483615091,0.6212469858717248,0.6169406496371987,0.6198353744911315,1.559297243754069e-06,4.676946004231771e-05,2.3936231931050617e-06,1.398026943206787e-06,1.4029939969380697e-06,1.3049443562825521e-06,1.2968977292378743e-06,4.889249801635742e-05,4.807154337565104e-05,4.6736796696980795e-05,4.5151710510253905e-05,4.499475161234538e-05
302,10,distance,2.0,0.6209319379388984,0.6556400699758702,0.5925368260403717,0.6350209340105841,0.6142146989096808,0.6072471607579855,0.17641901508930885,0.18025228788964304,0.17325087307426054,0.1775378912730316,0.18244517744802508,0.17798104895485384,0.1523249457046913,0.1673469508646992,0.15516207105617008,0.16540741215953297,0.1674512574401946,0.16153852744505764,0.6556400699758702,0.5925368260403717,0.6350209340105841,0.6142146989096808,0.6072471607579855,0.6209319379388984,0.6486003439787841,0.5842070848350642,0.6275596924571378,0.6063281169453132,0.5992181418978421,0.6131826760228283,1.8453001976013185e-06,4.7037283579508465e-05,2.9376149177551267e-06,1.419385274251302e-06,2.139707406361898e-06,1.3860066731770834e-06,1.3437867164611817e-06,4.898468653361003e-05,4.795114199320475e-05,4.764914512634277e-05,4.5700470606486004e-05,4.4900973637898766e-05
303,12,distance,2.0103408898685267,0.6233495589899125,0.59679435353033,0.6484627734248651,0.6011555896961072,0.6207658572181058,0.649569221080154,0.18889194500108297,0.17209035007081364,0.18354071183643797,0.17888288661834953,0.16765403882104393,0.17821198646954559,0.16030098647901156,0.15366504048890064,0.16953343688554381,0.1659652888435715,0.15057371513077125,0.16000769356555974,0.59679435353033,0.6484627734248651,0.6011555896961072,0.6207658572181058,0.649569221080154,0.6233495589899125,0.5885516486621254,0.6412763224556972,0.5930020412742218,0.6130132001254607,0.6424053891431214,0.6156497203321253,1.7203092575073243e-06,0.0013349626064300536,3.0988454818725587e-06,1.3981262842814128e-06,1.301268736521403e-06,1.3478597005208333e-06,1.4554460843404134e-06,0.00130232572555542,0.0013032678763071695,0.0013022299607594809,0.001403804620107015,0.0013631848494211833
304,12,distance,2.0065605450748674,0.624375037570396,0.5953999865226067,0.6262339532499641,0.6881566998138338,0.6176196254867028,0.5944649227788729,0.18420646507750263,0.17682218471258626,0.16414131053111197,0.17945128234182675,0.17676314809937718,0.17627687815248094,0.17113580900580516,0.16090476539816934,0.14788405081133274,0.16113069040757025,0.16562389822276835,0.16133584276912916,0.5953999865226067,0.6262339532499641,0.6881566998138338,0.6176196254867028,0.5944649227788729,0.624375037570396,0.5871287767070552,0.6185930800625699,0.6817817090093465,0.6098026501985263,0.5861745975205193,0.6166961626996035,1.4628370602925618e-06,0.0013519022464752197,1.8701950709025064e-06,1.395245393117269e-06,1.3571977615356445e-06,1.2851754824320476e-06,1.4063715934753417e-06,0.0013364664713541668,0.0012914395332336425,0.00127824068069458,0.00141403595606486,0.0014393285910288493
305,11,distance,2.0,0.6185460029480192,0.6713984795245465,0.6029247589328379,0.6027451488445483,0.6148204539848716,0.6008411734532917,0.16297219242293579,0.18058559002075444,0.1899359892962273,0.17462860503783859,0.18436255459676856,0.17849698627490493,0.1484933837261353,0.16616520331918447,0.16729364457333118,0.15877841661980102,0.1679243035589078,0.16173099035947197,0.6713984795245465,0.6029247589328379,0.6027451488445483,0.6148204539848716,0.6008411734532917,0.6185460029480192,0.6646809015931914,0.5948073775140885,0.5946240956693091,0.606946255429196,0.5926811974421153,0.61074796552958,1.556694507598877e-06,4.743639628092448e-05,2.3869673411051432e-06,1.4226635297139485e-06,1.384417215983073e-06,1.29242738087972e-06,1.2969970703125e-06,5.02320130666097e-05,4.891832669576009e-05,4.544854164123535e-05,4.583279291788737e-05,4.6750307083129885e-05
306,11,distance,2.0,0.6236669212698607,0.6315786684537796,0.6348379893840079,0.6107142734652584,0.6274679258910629,0.6137357491551941,0.17331057798722155,0.1757224774958602,0.18268635465831914,0.17555230720415418,0.17627415388505302,0.17670917424612162,0.16233134536182137,0.15894919708518906,0.16765477545501656,0.15630665437090138,0.16314340685276948,0.16167707582513957,0.6315786684537796,0.6348379893840079,0.6107142734652584,0.6274679258910629,0.6137357491551941,0.6236669212698607,0.6240470569059864,0.6273730079063387,0.6027561325480235,0.6198522787201817,0.6058393760544485,0.6159735704269957,1.5762845675150556e-06,4.7011375427246095e-05,2.5145212809244792e-06,1.3983249664306641e-06,1.3811389605204264e-06,1.2983878453572592e-06,1.2890497843424478e-06,4.822731018066406e-05,4.910190900166829e-05,4.680911699930827e-05,4.545052846272786e-05,4.546801249186198e-05
307,11,distance,2.0,0.6199568925148089,0.6368815652343545,0.592859546469984,0.6048423697693625,0.6393072695437073,0.6258937115566363,0.17665302361805263,0.18576669249254246,0.1864589334991043,0.17490944229833247,0.16744998161982652,0.17824761470557166,0.1518807854336914,0.1727364940564647,0.16865868977945597,0.1597994234117868,0.1556098184206012,0.16173704222040003,0.6368815652343545,0.592859546469984,0.6048423697693625,0.6393072695437073,0.6258937115566363,0.6199568925148089,0.6294583604350568,0.584536402615878,0.5967641899350054,0.6319336532481783,0.61824588283207,0.6121876978132377,1.5939672787984213e-06,5.081288019816081e-05,2.63899564743042e-06,1.4335910479227701e-06,1.2978911399841308e-06,1.2978911399841308e-06,1.3014674186706543e-06,6.890416145324707e-05,4.746913909912109e-05,4.554589589436849e-05,4.6416123708089194e-05,4.572908083597819e-05
308,11,distance,2.0,0.6174858237684739,0.6055700394621566,0.597507810103463,0.6205523489209503,0.6217999538297638,0.6419989665260364,0.18075527540591907,0.17438846045598846,0.1824484717558924,0.17568017810786832,0.1771162997350627,0.1780777370921462,0.16695969308409214,0.16887101491705517,0.1662383813070049,0.15459927219065003,0.15811341714959343,0.16295635572967915,0.6055700394621566,0.597507810103463,0.6205523489209503,0.6217999538297638,0.6419989665260364,0.6174858237684739,0.597506735328504,0.5892796903781505,0.6127953270930993,0.6140684367019225,0.6346803764039111,0.6096661131811174,1.7487208048502603e-06,4.725877443949382e-05,3.4450491269429524e-06,1.4014045397440592e-06,1.2988845507303874e-06,1.3028581937154135e-06,1.2954076131184896e-06,5.063891410827637e-05,4.899899164835612e-05,4.6120484670003254e-05,4.5391321182250974e-05,4.5144160588582356e-05
309,12,uniform,2.000929374940746,0.6139574445948071,0.6238899046921216,0.6143715817818399,0.6100486341383662,0.6522588235014654,0.5692182788602418,0.18004724225408134,0.1820922130348834,0.18120793309189984,0.17105592352749696,0.19025517269748068,0.18093169692116845,0.15630089777957873,0.1639971375136279,0.16363124518030459,0.1490604265562263,0.17489999987908125,0.16157794138176376,0.6238899046921216,0.6143715817818399,0.6100486341383662,0.6522588235014654,0.5692182788602418,0.6139574445948071,0.6162011122837834,0.60648820696307,0.6020768856028642,0.6451499749188718,0.5604118382236539,0.6060656035984486,1.584192117055257e-06,0.001341452995936076,2.5524695714314777e-06,1.3513366381327311e-06,1.3031562169392904e-06,1.3041496276855468e-06,1.4098485310872395e-06,0.001328885555267334,0.001283022165298462,0.0012814454237620035,0.0013819340864817302,0.0014319777488708495
310,13,distance,2.007519137698006,0.617644335832113,0.5916945377577625,0.6100714567606691,0.6399981116212536,0.600060424630662,0.6463971483902178,0.18553315609303705,0.1756864219473835,0.17549137467267825,0.18506506778661969,0.17482066518541203,0.1793193371370261,0.1649878929558153,0.16441532682136964,0.15960372888997743,0.1646472378978981,0.15423472786904546,0.16157778288682118,0.5916945377577625,0.6100714567606691,0.6399981116212536,0.600060424630662,0.6463971483902178,0.617644335832113,0.5833475777119246,0.6021001747864408,0.6326386181620629,0.5918844878258374,0.6391684699927436,0.6098278656958018,1.6419887542724606e-06,0.0013552563985188802,2.7427077293395996e-06,1.424252986907959e-06,1.343389352162679e-06,1.3657410939534506e-06,1.3338526089986166e-06,0.0013318860530853272,0.0013240420818328858,0.0013395965099334717,0.0014101970195770264,0.0013705603281656902
311,13,distance,2.001865349300406,0.6147146826797664,0.6390244039014505,0.6052639615145897,0.6052091588888974,0.5998184595440833,0.6242574295498109,0.17395797948370675,0.18746845652885302,0.17845103866835973,0.18087445149830225,0.18457224850333762,0.18106483493651188,0.15536395183120927,0.1630761047484175,0.1595551584912136,0.16933638902108175,0.1581582457267739,0.1610979699637392,0.6390244039014505,0.6052639615145897,0.6052091588888974,0.5998184595440833,0.6242574295498109,0.6147146826797664,0.6316450050033542,0.5971944002508335,0.5971384772988919,0.5916375762638941,0.616576150426468,0.6068383218486884,1.6341408093770346e-06,0.0013427606423695882,2.930263678232829e-06,1.3346473375956217e-06,1.29471222559611e-06,1.2862682342529296e-06,1.3248125712076823e-06,0.0013290448983510335,0.0013261504968007406,0.0013253374894460041,0.001363751490910848,0.0013695188363393148
312,12,distance,2.0,0.6107724351070252,0.5924928664244423,0.6533085503851923,0.6607746787645186,0.5730686869038957,0.5742173930570771,0.18695024718302305,0.17324310461211537,0.169765330265633,0.1808975907682065,0.1907956860197559,0.1803303917697468,0.16764934505387277,0.14860022924583305,0.14910010145010028,0.17165212565760019,0.1789505303895175,0.16319046635938475,0.5924928664244423,0.6533085503851923,0.6607746787645186,0.5730686869038957,0.5742173930570771,0.6107724351070252,0.5841622265557768,0.6462211612959629,0.6538399192162634,0.564340959890006,0.5655131489628435,0.6028154831841704,1.5671849250793454e-06,4.7597010930379227e-05,2.5452176729838054e-06,1.4000137646993001e-06,1.2931227684020996e-06,1.29928191502889e-06,1.2982885042826334e-06,5.017479260762532e-05,4.774689674377441e-05,4.5603116353352866e-05,4.6091874440511065e-05,4.836837450663249e-05
313,12,uniform,2.004731900986025,0.617886250961505,0.6311115086414372,0.6024617062808735,0.6176145443597727,0.624723846908195,0.6135196486172463,0.17492014970185243,0.1804973627281795,0.17731699628804085,0.1815729458372393,0.17907821561110612,0.17867713403328364,0.1548729966143345,0.16274263561199884,0.16308773336310842,0.15814632727234912,0.17136318893212218,0.16204257635878264,0.6311115086414372,0.6024617062808735,0.6176145443597727,0.624723846908195,0.6135196486172463,0.617886250961505,0.6235703469782298,0.5943348587091026,0.6097974651984733,0.6170521027223319,0.6056188577882973,0.610074726279287,1.5033086140950523e-06,0.0013394383589426678,2.1036465962727867e-06,1.4023979504903157e-06,1.304447650909424e-06,1.2980898221333821e-06,1.4079610506693522e-06,0.0013298503557840984,0.0012875052293141683,0.001313018798828125,0.0013884842395782472,0.0013783331712086996
314,12,distance,2.0,0.6183226878526746,0.6151374176870538,0.592176964564703,0.6156814602824336,0.6122364887058169,0.6563811080233661,0.18421967042639079,0.18028122055847015,0.1798617920523626,0.1789254832018122,0.17295702982804556,0.17924903921341628,0.16198772105257842,0.16804244887831,0.163062385464762,0.15565908807067522,0.15696336298966593,0.16114300129119832,0.6151374176870538,0.592176964564703,0.6156814602824336,0.6122364887058169,0.6563811080233661,0.6183226878526746,0.6072696987982031,0.5838398667363836,0.6078248632183607,0.604309466328423,0.649356531015326,0.6105200852193393,1.305679480234782e-06,4.53941027323405e-05,1.5070041020711264e-06,1.2643138567606608e-06,1.2452403704325358e-06,1.2521942456563314e-06,1.2596448262532552e-06,4.671335220336914e-05,4.5301516850789386e-05,4.4862031936645506e-05,4.495501518249512e-05,4.513859748840332e-05
315,12,distance,2.0,0.6205228272000546,0.6067177812670594,0.6181840105372014,0.6589819728932551,0.6243221708684734,0.5944082004342834,0.18375587845195385,0.17809150281886457,0.16545093271288186,0.18228251493624786,0.179679030198345,0.1778519718236586,0.1696188476723327,0.15906132752423402,0.1491008666264293,0.16585736764484008,0.16441340586447578,0.1616103630664624,0.6067177812670594,0.6181840105372014,0.6589819728932551,0.6243221708684734,0.5944082004342834,0.6205228272000546,0.5986779403389584,0.6103785729331919,0.6520105651840882,0.616642215247386,0.5861167156050013,0.6127652018617251,1.6012390454610192e-06,4.795845349629721e-05,2.7328729629516602e-06,1.3793508211771647e-06,1.2792150179545084e-06,1.3031562169392904e-06,1.3116002082824706e-06,5.274017651875814e-05,4.67840830485026e-05,4.703164100646972e-05,4.644910494486491e-05,4.678726196289063e-05
316,12,distance,2.012740781795559,0.617128467214868,0.6214203180971936,0.6038460027606406,0.5861647715613771,0.6453900445493961,0.6288211991057329,0.17666147565050716,0.18051256488854567,0.1886909865933762,0.170686627406478,0.1734850077840013,0.17800733246458167,0.16628355056896227,0.16418330879367357,0.17079471359035694,0.1485057804468083,0.16476546216708007,0.16290656311337623,0.6214203180971936,0.6038460027606406,0.5861647715613771,0.6453900445493961,0.6288211991057329,0.617128467214868,0.6136810401025876,0.5957474542651171,0.5777047668914224,0.6381407779984467,0.6212332168046576,0.6093014512124463,1.6002456347147625e-06,0.0013320125738779704,2.541045347849528e-06,1.413424809773763e-06,1.4206767082214356e-06,1.288751761118571e-06,1.3373295466105144e-06,0.00131599227587382,0.0013244426250457763,0.00128851850827535,0.001367958386739095,0.0013631510734558106
317,12,distance,2.00129460291605,0.6197378676823486,0.6237918052531014,0.6449691459734227,0.6040367952918791,0.6241436826778823,0.6017479092154572,0.18133660432777815,0.16816285022236313,0.1745565182255843,0.1840857865003117,0.18508342723190696,0.17864503730158884,0.15957135529429534,0.1499733915007705,0.16818653598692282,0.16067700117550932,0.16811263425386896,0.16130418364227336,0.6237918052531014,0.6449691459734227,0.6040367952918791,0.6241436826778823,0.6017479092154572,0.6197378676823486,0.6161010074047832,0.6377112750222831,0.5959421471547455,0.6164600782351815,0.5936064695401344,0.6119641954714256,1.6924540201822916e-06,0.0013509095509847005,2.915064493815104e-06,1.3303756713867188e-06,1.3747811317443848e-06,1.318951447804769e-06,1.5230973561604818e-06,0.001301624377568563,0.0013084634145100911,0.0013205722967783611,0.0014282457033793132,0.0013956419626871745
318,12,distance,2.0,0.6177880937997132,0.6187033225450538,0.6436644810790888,0.5961311959914567,0.5785671325575177,0.6518743368254494,0.1849366361436733,0.17646707396475322,0.17992917899054978,0.1834159181080905,0.1712720021595522,0.17920416187332383,0.16373376896102038,0.15431433795141725,0.16343211581362013,0.17498911281577192,0.1512751879738853,0.16154890470314298,0.6187033225450538,0.6436644810790888,0.5961311959914567,0.5785671325575177,0.6518743368254494,0.6177880937997132,0.6109085012001486,0.6363799389546408,0.5878749342400044,0.5699518098840768,0.6447576282085932,0.6099745624974927,1.6145904858907063e-06,4.795646667480469e-05,2.7165810267130535e-06,1.3335545857747397e-06,1.3251105944315592e-06,1.3217329978942872e-06,1.3759732246398926e-06,5.293369293212891e-05,4.6565930048624675e-05,4.596392313639323e-05,4.680434862772624e-05,4.751443862915039e-05
319,12,distance,2.0,0.6146642750922133,0.6148244961034364,0.6016010292519021,0.6184967466740403,0.6286554542135806,0.6097436492181074,0.18632927722078924,0.18745741981268857,0.16982946747751704,0.17170501708863894,0.18297630167795856,0.17965949665551845,0.16485636083027375,0.17350484097249075,0.15550571465953308,0.16327648760507715,0.15585366441288806,0.16259941369605257,0.6148244961034364,0.6016010292519021,0.6184967466740403,0.6286554542135806,0.6097436492181074,0.6146642750922133,0.6069503801805083,0.5934565869197433,0.6106977023130327,0.6210640836012518,0.6017656658971828,0.6067868837823438,1.4947851498921712e-06,4.777018229166667e-05,2.151330312093099e-06,1.3377269109090168e-06,1.3178586959838867e-06,1.3184547424316407e-06,1.3485550880432129e-06,5.182305971781413e-05,4.6929121017456057e-05,4.664023717244466e-05,4.6811898549397787e-05,4.6646595001220704e-05
320,9,distance,2.0,0.6204178363681543,0.6110559496295365,0.6067962680032208,0.6171364413244571,0.6423429769012837,0.6247575459822727,0.1798549376049937,0.182151450795135,0.17386028079368432,0.17578898241914367,0.17408540003645961,0.17714821032988323,0.16066180315068038,0.16733743664520687,0.16413822785771554,0.15829312900427414,0.1620353644158973,0.16249319221475483,0.6110559496295365,0.6067962680032208,0.6171364413244571,0.6423429769012837,0.6247575459822727,0.6204178363681543,0.6031047935742629,0.5987580315739851,0.6093095883362007,0.6350314193592316,0.6170864907042273,0.6126580647095816,1.4979640642801921e-06,4.612692197163899e-05,2.0537773768107094e-06,1.4616052309672039e-06,1.3907750447591145e-06,1.2963016827901205e-06,1.2873609860738118e-06,4.886587460835775e-05,4.799485206604004e-05,4.6116908391316734e-05,4.37776247660319e-05,4.3879350026448565e-05
321,13,distance,3.3900060664137115,0.594722738300071,0.5940573436833301,0.6104718181904027,0.5732618207334641,0.5877708243508626,0.6080518845422955,0.1902744667310932,0.1820133971028531,0.18774579281209194,0.18631332389458224,0.17978424616978345,0.18522624534208076,0.1642356549601759,0.1634301121984418,0.1745137962940387,0.16783660316384594,0.1582731810043287,0.16565786952416622,0.5940573436833301,0.6104718181904027,0.5732618207334641,0.5877708243508626,0.6080518845422955,0.594722738300071,0.5857586863139944,0.6025087207769186,0.5645380419409625,0.5793436521059058,0.6000393165942675,0.5864376835464098,1.5937288602193197e-06,0.001078553358713786,2.749363581339518e-06,1.3298789660135905e-06,1.29014253616333e-06,1.2981891632080079e-06,1.3010700543721517e-06,0.0010996568202972412,0.001061007579167684,0.0010813260078430175,0.0010893746217091878,0.0010614017645517984
322,9,distance,2.0,0.6222868292032354,0.6255410516140615,0.6164155282402929,0.6219137797968466,0.6334801844996929,0.6140836018652831,0.1749822923867405,0.17378483138373557,0.17994169530288678,0.17927536423677054,0.1764896598636608,0.17689476863475886,0.15966836496999884,0.15854520351419898,0.16703601769633136,0.1627914766693069,0.16288308199083737,0.1621848289681347,0.6255410516140615,0.6164155282402929,0.6219137797968466,0.6334801844996929,0.6140836018652831,0.6222868292032354,0.6178860134869213,0.6085739376762103,0.6141845896053,0.6259874455116117,0.6061943398931935,0.6145652652346473,1.6372799873352051e-06,4.62808609008789e-05,2.8312206268310547e-06,1.4032920201619466e-06,1.384119192759196e-06,1.2871623039245605e-06,1.2806057929992675e-06,5.040049552917481e-05,4.764358202616374e-05,4.518747329711914e-05,4.366199175516764e-05,4.4510761896769205e-05
323,13,distance,3.424528961527707,0.587359934161572,0.6058002002804674,0.5823101612821157,0.6183630789456702,0.5607238743908618,0.5696023559087446,0.17913908398160241,0.1912568061133025,0.1806599163809091,0.186178111891843,0.19203214273188407,0.1858532122199082,0.16739586068294102,0.16615631234005504,0.16599258173684645,0.16750243400366374,0.17226136927877445,0.16786171160845614,0.6058002002804674,0.5823101612821157,0.6183630789456702,0.5607238743908618,0.5696023559087446,0.587359934161572,0.5977416013083475,0.5737713570834537,0.6105613020246277,0.5517437832370123,0.5608037669324327,0.5789243621171748,1.4792084693908692e-06,0.001073662519454956,2.1085143089294434e-06,1.342793305714925e-06,1.2962023417154948e-06,1.3011693954467772e-06,1.347362995147705e-06,0.001060961087544759,0.0010786962509155274,0.0010702979564666747,0.0011022321383158365,0.0010561251640319824
324,9,distance,2.0,0.6217107038060503,0.6070596345119429,0.6211653697032911,0.6378906165332547,0.6456310309256408,0.596806867356122,0.16887912695839752,0.17936754632042734,0.17630074306405882,0.17089693650491994,0.18541548218887807,0.17617196700733634,0.15880536598841663,0.16927892323600197,0.1650247319061637,0.15600789081610383,0.16408112631962404,0.16263960765326205,0.6070596345119429,0.6211653697032911,0.6378906165332547,0.6456310309256408,0.596806867356122,0.6217107038060503,0.5990267820658497,0.6134208798164759,0.6304880396991817,0.638386690842349,0.5885644183071841,0.613977362146208,1.7072161038716634e-06,4.565938313802083e-05,3.1076868375142417e-06,1.419683297475179e-06,1.3956427574157714e-06,1.3111035029093424e-06,1.3019641240437826e-06,4.8920710881551107e-05,4.773537317911784e-05,4.382689793904622e-05,4.374821980794271e-05,4.4065713882446286e-05
325,13,distance,3.9994427777501547,0.5779418045311728,0.5615018870156046,0.5868423884912206,0.5899418743210418,0.5850197085921917,0.5664031642358057,0.1906052495337266,0.1856942735182523,0.19637883082385632,0.18243915619791878,0.18900382317604517,0.18882426664995983,0.1744054929687886,0.16063906070858466,0.1714759655205287,0.16949171698925763,0.17023096180462594,0.16924863959835712,0.5615018870156046,0.5868423884912206,0.5899418743210418,0.5850197085921917,0.5664031642358057,0.5779418045311728,0.5525377007195011,0.5783962362968333,0.5815590846989849,0.5765362954799367,0.5575391744075768,0.5693136983205666,1.5733242034912108e-06,0.0010191662311553956,2.592802047729492e-06,1.327494780222575e-06,1.2875596682230631e-06,1.3625621795654297e-06,1.2962023417154948e-06,0.0010500872135162354,0.0010165659586588542,0.0009973851839701336,0.0009936336676279703,0.001038159132003784
326,13,distance,3.7140764704166083,0.5842907755739698,0.6218828017565833,0.5497246744946027,0.6001023334900522,0.5943947426233442,0.5553493255052663,0.18695878442717898,0.18583443327847024,0.1869134263857971,0.1937241587815467,0.181904645107604,0.18706708959611942,0.16036104658860081,0.171597286193076,0.16394931035949517,0.17211008788170845,0.16970396092865928,0.16754433839030794,0.6218828017565833,0.5497246744946027,0.6001023334900522,0.5943947426233442,0.5553493255052663,0.5842907755739698,0.6141529782831233,0.5405197274655316,0.5919272534251129,0.586102982676973,0.5462593628239429,0.5757924609349367,1.571754614512126e-06,0.0010469556649525958,2.653598785400391e-06,1.3301769892374674e-06,1.29014253616333e-06,1.2912352879842123e-06,1.2936194737752279e-06,0.001071778138478597,0.001025993824005127,0.0010549712181091308,0.0010393289724985758,0.0010427061716715494
327,13,distance,4.114182094571822,0.5779951659481426,0.6215863853751488,0.5807569115359171,0.5545085025388472,0.6160303769732098,0.51709365331759,0.1804754793570666,0.18554604041335598,0.1972364108792255,0.18300974086961982,0.1990895659187016,0.1890714474875939,0.15033828488943213,0.1680931399188523,0.17472955327205758,0.16461974821638686,0.18525505177520332,0.16860715561438644,0.6215863853751488,0.5807569115359171,0.5545085025388472,0.6160303769732098,0.51709365331759,0.5779951659481426,0.6138505022823069,0.5721863543611829,0.5454013509723501,0.6081809127886758,0.5072216326017657,0.5693681506012562,1.623709996541341e-06,0.0010145442485809326,2.926488717397054e-06,1.3222297032674154e-06,1.2868642807006836e-06,1.295010248819987e-06,1.2879570325215658e-06,0.0010352027416229248,0.0010114336013793946,0.001005552609761556,0.000998066266377767,0.001022466023763021
328,13,distance,3.8612776005010785,0.5798828417322174,0.5865242069435074,0.6155392861935568,0.5432949097835416,0.6052847289801763,0.5487710767603045,0.18871641733016187,0.18076154213518056,0.1950314021190762,0.1905520336438625,0.1894321259804625,0.18889870424174876,0.16119209868873105,0.15665117517193405,0.17791652459965226,0.16792243310223023,0.17692940707214877,0.16812232772693927,0.5865242069435074,0.6155392861935568,0.5432949097835416,0.6052847289801763,0.5487710767603045,0.5798828417322174,0.5780715501859641,0.6076797826745153,0.5339585195235799,0.5972155922642685,0.5395466353993567,0.5712944160095369,1.5969077746073406e-06,0.0010343829790751139,2.6119748751322428e-06,1.3573964436848958e-06,1.353124777475993e-06,1.3020634651184081e-06,1.3599793116251627e-06,0.0010273953278859456,0.001034605105717977,0.0010516071319580079,0.0010157795747121176,0.0010425277551015218
329,13,distance,3.865247557013005,0.5849172121299822,0.5623125943536602,0.6078370702683296,0.5607915980844227,0.6028787499056374,0.5907660480378611,0.19170231626937326,0.18604543051285416,0.1923846799750234,0.18624516643583808,0.1853663213165251,0.1883487829019228,0.1766450775342858,0.15626354105949963,0.17412210566473998,0.1646257930715107,0.16268479994123136,0.16686826345425348,0.5623125943536602,0.6078370702683296,0.5607915980844227,0.6028787499056374,0.5907660480378611,0.5849172121299822,0.5533649812910434,0.5998201108871029,0.5518128914013104,0.5947604279275585,0.5824001069415312,0.5764317036897092,1.5922983487447104e-06,0.0010477454662322998,2.57869561513265e-06,1.3546148935953776e-06,1.307825247446696e-06,1.3837218284606934e-06,1.3366341590881348e-06,0.0010593414306640625,0.0010294981797536215,0.0010504555702209473,0.0010408341884613037,0.0010585979620615642
330,13,uniform,3.9024930635599753,0.5744277178356546,0.5886316295377931,0.5746339863294048,0.5505908118501868,0.5785510998841301,0.5797310615767581,0.19343877628251438,0.1930157661889548,0.18874878115582805,0.186267768559691,0.19395873249926532,0.1910859649372507,0.1664027934990204,0.16610005357892235,0.17010698151343537,0.1707461478936083,0.16878158109299346,0.16842751151559598,0.5886316295377931,0.5746339863294048,0.5505908118501868,0.5785510998841301,0.5797310615767581,0.5744277178356546,0.5802220546731484,0.5659382586223398,0.541403571206579,0.569935449455867,0.5711395330229609,0.5657277733961791,1.4883677164713541e-06,0.001036104122797648,2.154707908630371e-06,1.3455748558044433e-06,1.337130864461263e-06,1.3033548990885417e-06,1.3010700543721517e-06,0.00107505202293396,0.0010317814350128173,0.0010180974006652832,0.0010367631912231445,0.0010188265641530355
331,13,distance,3.8754660770672835,0.5814490254801872,0.5948627067173733,0.5451222185288901,0.5790601093144656,0.5868333021361287,0.6013667907040781,0.186174432894181,0.19130145024226802,0.19452508118864345,0.1915684066218353,0.18294136744079353,0.18930214767754427,0.1632260990427614,0.17311153069391888,0.16903367162682334,0.16957881388364357,0.15932242459474566,0.16685450796837858,0.5948627067173733,0.5451222185288901,0.5790601093144656,0.5868333021361287,0.6013667907040781,0.5814490254801872,0.5865805133282906,0.5358231838139782,0.5704548645304341,0.578386964190019,0.593217559849647,0.5728926171424737,1.6537507375081379e-06,0.0010268428325653075,3.0843416849772137e-06,1.2988845507303874e-06,1.2965997060139974e-06,1.2965997060139974e-06,1.2923280398050945e-06,0.001047129233678182,0.0010203981399536132,0.0010361826419830321,0.0010071901480356853,0.0010233139991760254
332,13,distance,3.8736526283691535,0.5819842074129106,0.5922659271637333,0.5465470115886912,0.5589281084958202,0.6286752238644191,0.5835047659518893,0.19253298242721725,0.19270321505113713,0.1895830758971828,0.1805168769313074,0.18502748679161105,0.1880727274196911,0.1680413518241859,0.17031238120678976,0.17794117789011918,0.16057585512705186,0.16316234100826263,0.16800662141128186,0.5922659271637333,0.5465470115886912,0.5589281084958202,0.6286752238644191,0.5835047659518893,0.5819842074129106,0.583930647991612,0.5372771038187837,0.5499113066252066,0.6210842574016815,0.5749903829730523,0.5734387397620673,1.4673074086507162e-06,0.0010328740278879802,1.9373496373494464e-06,1.3773639996846517e-06,1.3504425684611002e-06,1.300672690073649e-06,1.370708147684733e-06,0.0010302201906840006,0.001052034298578898,0.0010392399628957113,0.0010075445969899496,0.001035331090291341
333,13,distance,4.270027348409206,0.5778203515990883,0.6049900609846802,0.5985481959577836,0.5887573122468841,0.5240126516793777,0.5727935371267159,0.18737828798893996,0.181027641348485,0.18581988000459734,0.20623832382705656,0.18501325678140504,0.1890954779900968,0.16961660518018737,0.16137996901036347,0.164505042499734,0.1822520273409134,0.1671558176346665,0.16898189233317293,0.6049900609846802,0.5985481959577836,0.5887573122468841,0.5240126516793777,0.5727935371267159,0.5778203515990883,0.5969149003915221,0.5903413447678235,0.5803503067050828,0.5142820755637942,0.5640601852451496,0.5691897625346745,1.4016032218933106e-06,0.0010056976477305095,1.7247597376505534e-06,1.349349816640218e-06,1.3170639673868816e-06,1.3067324956258137e-06,1.310110092163086e-06,0.0009990942478179932,0.0010391302903493245,0.000982494354248047,0.0010068790117899577,0.0010008903344472248
334,12,distance,3.8170337444735734,0.5878924956057298,0.6009788560460698,0.6335859140493376,0.5832627048588184,0.5601081717336684,0.5615268313407548,0.18333647261567781,0.18350634084889533,0.18259955691791097,0.19427094220269747,0.18751205391918976,0.18624507330087428,0.16846744398236466,0.15282373034555066,0.16975310512818742,0.17293370854329085,0.1716086680592672,0.16711733121173217,0.6009788560460698,0.6335859140493376,0.5832627048588184,0.5601081717336684,0.5615268313407548,0.5878924956057298,0.592821694670521,0.6260953364830548,0.5747433734419629,0.5511154938134027,0.5525631549797481,0.5794678106777379,1.6477505366007486e-06,0.0010265223185221355,3.0115246772766112e-06,1.3054410616556804e-06,1.2937188148498534e-06,1.3048450152079264e-06,1.3232231140136718e-06,0.0010214078426361085,0.0010293543338775635,0.0010311007499694824,0.0010152514775594076,0.0010354971885681151
335,13,uniform,3.9275125985719614,0.5750229797243065,0.5492132782006318,0.5678392801891495,0.5935619018719217,0.5961881622911753,0.5683122760686542,0.20117640999096664,0.1924440255896146,0.18368736044518172,0.18549893660261707,0.1896953616320791,0.19050041885209185,0.16808730745148331,0.1751004294182243,0.16654458643172115,0.16570258599733964,0.16823908330535955,0.1687347985208256,0.5492132782006318,0.5678392801891495,0.5935619018719217,0.5961881622911753,0.5683122760686542,0.5750229797243065,0.5399978767328424,0.559004648779047,0.5852531162202403,0.5879330650978092,0.5594873140802792,0.5663352041820436,1.5124678611755371e-06,0.001021474281946818,2.367198467254639e-06,1.3233224550882976e-06,1.2908379236857096e-06,1.2896458307902018e-06,1.2913346290588378e-06,0.0010421248277028403,0.0010580313205718994,0.0010316022237141927,0.0009817938009897868,0.0009938192367553711
336,13,distance,3.8917809952700106,0.5862787206619348,0.5957137179210585,0.5798880723220281,0.5896591213165554,0.5975359168596579,0.568596774890374,0.1879030722422022,0.18477593646502954,0.18498208736700783,0.1868104217801444,0.19319337843931025,0.18753297925873885,0.16815913286245848,0.1651720592153559,0.16508427332208192,0.1635780799788728,0.17322112409513626,0.16704293389478106,0.5957137179210585,0.5798880723220281,0.5896591213165554,0.5975359168596579,0.568596774890374,0.5862787206619348,0.5874489216945725,0.5712997535279298,0.581270551394577,0.5893083717187991,0.55977762889154,0.5778210454454837,1.3437271118164063e-06,0.0010328787962595623,1.4951825141906739e-06,1.3255079587300618e-06,1.297295093536377e-06,1.3003746668497721e-06,1.3002753257751466e-06,0.0010661904017130533,0.001011028289794922,0.0010006324450174968,0.0010432092348734538,0.001043333609898885
337,13,distance,4.262491216965779,0.5798945041991219,0.6009193733937765,0.5489242895279218,0.5611106213900615,0.5973755929648903,0.5911426437189594,0.17813132434091997,0.19024809853546393,0.1984274012113024,0.1938976543631618,0.1828415667021817,0.18870920903060595,0.15746352699587476,0.17601928016449822,0.17687026834623895,0.1628669429542356,0.1695075504376433,0.16854551377969815,0.6009193733937765,0.5489242895279218,0.5611106213900615,0.5973755929648903,0.5911426437189594,0.5798945041991219,0.5927609960185216,0.539702980284881,0.5521384364781037,0.5891447703338488,0.5827844013418342,0.5713063168914378,1.439054807027181e-06,0.0010003706614176433,1.884897549947103e-06,1.3647476832071941e-06,1.3445814450581869e-06,1.3030568758646648e-06,1.2979904810587565e-06,0.0010220762093861898,0.0009855405489603679,0.0010041320323944092,0.001000386079152425,0.0009897184371948243
338,12,distance,3.8647677233051376,0.5854413244856781,0.5474444841358675,0.621421422719942,0.5993205797097623,0.5895463211182818,0.5694738147445371,0.19336878938725577,0.18581316005755336,0.1759455457320584,0.18963383656179217,0.19423787368505624,0.18779984108474318,0.1776163241574998,0.15326171399551106,0.16747924586727217,0.16574331949551221,0.1700197201606634,0.16682406473529174,0.5474444841358675,0.621421422719942,0.5993205797097623,0.5895463211182818,0.5694738147445371,0.5854413244856781,0.5381929233345566,0.6136821673070618,0.5911295183068954,0.5811554452297287,0.5606725980101834,0.5769665304376852,1.8281141916910809e-06,0.0010162416299184164,3.96271546681722e-06,1.303255558013916e-06,1.290440559387207e-06,1.2977917989095052e-06,1.2863675753275554e-06,0.001005398432413737,0.001004406213760376,0.0010280199845631916,0.0010069974263509115,0.0010363860925038655
339,13,uniform,3.958325189678028,0.5687680065918619,0.536147743529198,0.5793573381971447,0.5941028293508964,0.5433019848438124,0.5909301370382576,0.1944141342562527,0.1896267671070558,0.18871144012903826,0.20472402367042425,0.18263770603879892,0.19202281424031398,0.1731149346434114,0.16854221806305242,0.16186058586493818,0.1796990631270741,0.16433598886050627,0.16951055811179647,0.536147743529198,0.5793573381971447,0.5941028293508964,0.5433019848438124,0.5909301370382576,0.5687680065918619,0.5266652442487045,0.5707581696424016,0.5858051018418857,0.5339657392188137,0.5825675504019017,0.5599523610707415,1.5597144762674965e-06,0.0010333582560221352,2.469023068745931e-06,1.3702114423116048e-06,1.2967983881632488e-06,1.3703107833862304e-06,1.2922286987304687e-06,0.0010319260756174724,0.0010482557614644368,0.0010243431727091472,0.001040423313776652,0.0010218429565429688
340,10,distance,2.0,0.6217763463090641,0.6645812349643847,0.5808862297899515,0.6355419378945255,0.6275651465650547,0.6003071823314039,0.17133245161957308,0.18784181798148092,0.1754006427556917,0.1730013601106646,0.17857173490375333,0.17722960147423272,0.1487988343049097,0.17547222285444608,0.16179068736795885,0.15517294491626796,0.1662551779267534,0.1614979734740672,0.6645812349643847,0.5808862297899515,0.6355419378945255,0.6275651465650547,0.6003071823314039,0.6217763463090641,0.6577242925786482,0.572318316259252,0.6280913471870881,0.6199514868696214,0.5921362899770204,0.614044346574326,1.352985699971517e-06,4.498338699340821e-05,1.5950202941894532e-06,1.3079245885213215e-06,1.3669331868489583e-06,1.2518962224324545e-06,1.243154207865397e-06,4.535675048828125e-05,4.6062866846720375e-05,4.5779148737589516e-05,4.355271657307943e-05,4.4165452321370444e-05
341,10,distance,2.0,0.6186769844482584,0.6194724318359572,0.6247053865076975,0.6048913589450902,0.6233416668178254,0.6209740781347215,0.17863101354883007,0.17470279424336307,0.18795546226473178,0.17563485179462945,0.1734877142763436,0.1780823672255796,0.1662300716684087,0.15615622342507784,0.1673919077076628,0.15713488263013667,0.1653034491676498,0.16244330691978717,0.6194724318359572,0.6247053865076975,0.6048913589450902,0.6233416668178254,0.6209740781347215,0.6186769844482584,0.6116933333385663,0.6170332649371564,0.5968141805930307,0.6156416668209156,0.6132256776877312,0.61088162467548,1.63114070892334e-06,4.558245340983073e-05,2.990861733754476e-06,1.3196468353271485e-06,1.320342222849528e-06,1.2493133544921876e-06,1.2755393981933593e-06,4.863103230794271e-05,4.6489636103312176e-05,4.464387893676758e-05,4.42043940226237e-05,4.394332567850749e-05
342,7,distance,2.021401150263282,0.6272120311464227,0.6061285389108332,0.6724842606590392,0.6004112853278948,0.6468023794658924,0.6102336913684535,0.17914840437434787,0.16412657587283108,0.17917930591698342,0.17451355763918228,0.17784838954269538,0.174963246669208,0.16350991912537347,0.14739732950822274,0.1709820650318798,0.15967838015675037,0.16730666269546488,0.16177487130353824,0.6061285389108332,0.6724842606590392,0.6004112853278948,0.6468023794658924,0.6102336913684535,0.6272120311464227,0.5980766521424005,0.6657888792755784,0.5922425211437972,0.6395819851789941,0.6022657259449806,0.6195911527371502,1.697699228922526e-06,0.001190320650736491,2.795557181040446e-06,1.482367515563965e-06,1.4907121658325196e-06,1.3636549313863119e-06,1.356204350789388e-06,0.0011997691790262858,0.0011628766854604085,0.0011912723382314046,0.0011920976638793946,0.001205587387084961
343,8,distance,2.000607786227074,0.6290058065874348,0.6287938893030678,0.6465534629723251,0.6272257338705048,0.6002011467083861,0.6422548000828898,0.17146056390536207,0.1718889227086116,0.1763451825449155,0.17617123935835366,0.18148741267893748,0.17547066423923607,0.15659735219977475,0.15734552815219133,0.16482381399315402,0.16508379453730562,0.1574070945375139,0.1602515166839879,0.6287938893030678,0.6465534629723251,0.6272257338705048,0.6002011467083861,0.6422548000828898,0.6290058065874348,0.6212053487096041,0.6393279801029348,0.6196051355850638,0.5920280866751674,0.6349414399482981,0.6214215982042137,1.4378825823465984e-06,0.0012138972282409667,1.9481778144836427e-06,1.3426939646402995e-06,1.303255558013916e-06,1.3025601704915364e-06,1.292725404103597e-06,0.0012159355481465657,0.0012236328919728596,0.001193157434463501,0.0012128806114196776,0.00122387965520223
344,7,distance,2.0117864617463335,0.626010179127338,0.637550876569065,0.60970143866452,0.6179056460548673,0.6279556369943564,0.6369372973538809,0.16978029750560428,0.18029221615474444,0.17709565857165824,0.18015830025309904,0.17294457003797079,0.17605420850461537,0.15399861809827012,0.16594035417487002,0.16965925111681696,0.15482088432761526,0.16151356681544113,0.1611865349066027,0.637550876569065,0.60970143866452,0.6179056460548673,0.6279556369943564,0.6369372973538809,0.626010179127338,0.6301413544546336,0.6017225924361967,0.6100945178651882,0.6203499600674949,0.62951523188241,0.6183647313411846,1.5183091163635255e-06,0.001190156857172648,2.3387869199117027e-06,1.3886888821919758e-06,1.2986858685811361e-06,1.2840827306111653e-06,1.281301180521647e-06,0.0011958483854929607,0.0011833993593851726,0.001208938757578532,0.001192184289296468,0.0011704134941101074
345,9,distance,2.0,0.6243671194137081,0.6373422699142184,0.6537785850397042,0.6015737875296642,0.6174028375617276,0.611738117023226,0.1730349676612055,0.17435659869802123,0.1768387667784878,0.17714264387122303,0.17862992118904011,0.17600057963959553,0.1604206314664602,0.14907483245923045,0.16951258526144877,0.16106711784702857,0.17027717592513641,0.1620704685918609,0.6373422699142184,0.6537785850397042,0.6015737875296642,0.6174028375617276,0.611738117023226,0.6243671194137081,0.6299284832685125,0.6467008048360865,0.5934287882968805,0.6095814304931428,0.6038009064683345,0.6166880826725913,1.54876708984375e-06,4.4400612513224286e-05,2.5628010431925458e-06,1.3577938079833985e-06,1.2945135434468587e-06,1.2757380803426106e-06,1.2529889742533367e-06,4.6268304189046224e-05,4.609862963358561e-05,4.299481709798177e-05,4.2580366134643554e-05,4.406094551086426e-05
346,9,distance,2.0,0.6141117848303465,0.6226429753265443,0.586826048157157,0.5863505903410198,0.6460007849903351,0.6287385253366757,0.17669388992573853,0.1893343167055934,0.1849265536861068,0.17616264622263658,0.16740943020100066,0.1789053673482152,0.1596609555411793,0.17472148731214002,0.16769872600743052,0.15305026383951334,0.1631204424615547,0.16365037503236357,0.6226429753265443,0.586826048157157,0.5863505903410198,0.6460007849903351,0.6287385253366757,0.6141117848303465,0.6149286920282795,0.5783795619184617,0.5778943843513984,0.6387640037635617,0.6211488529415141,0.6062230990006431,1.529117425282796e-06,4.5250892639160154e-05,2.4918715159098306e-06,1.3825297355651856e-06,1.2675921122233072e-06,1.2530883153279622e-06,1.2505054473876953e-06,5.062580108642578e-05,4.7298669815063474e-05,4.321654637654622e-05,4.240552584330241e-05,4.270792007446289e-05
347,8,distance,2.010303459226355,0.6154768452644379,0.6140167826824836,0.63599935964808,0.6015606626848793,0.6029804977715425,0.6228269235352047,0.17103109797652472,0.18405893543637966,0.1787507629669179,0.1801011057754529,0.17326825172971394,0.1774420307769978,0.16746964916440255,0.1562994649514032,0.1654390375337428,0.1674644537843056,0.16449772458020243,0.16423406600281132,0.6140167826824836,0.63599935964808,0.6015606626848793,0.6029804977715425,0.6228269235352047,0.6154768452644379,0.6061261547305071,0.6285581199816013,0.5934153951418104,0.5948642558179795,0.6151164006773213,0.6076160652698439,1.4959971110026042e-06,0.0012159545421600343,2.2084514300028485e-06,1.3277928034464519e-06,1.3564030329386394e-06,1.2948115666707356e-06,1.2925267219543456e-06,0.0012385376294453939,0.001204980214436849,0.0012323494752248128,0.0011990920702616373,0.001204813321431478
348,8,distance,2.007735209738298,0.6294228802084259,0.6090560576907897,0.6510810162295483,0.6428274647161505,0.6292779216683885,0.6148719407372525,0.181162787138516,0.1642738641258654,0.17909281736293697,0.16838287785393552,0.18147606190445975,0.17487768167714274,0.17129369413276385,0.15668746100979716,0.15582007058235695,0.15613711171421887,0.16462546849750082,0.1609127611873275,0.6090560576907897,0.6510810162295483,0.6428274647161505,0.6292779216683885,0.6148719407372525,0.6294228802084259,0.6010640179842982,0.6439480898151608,0.6355258115246578,0.6216992761147611,0.6069987947216597,0.6218471980321075,1.7331441243489582e-06,0.0012138225237528484,3.465910752614339e-06,1.3318657875061034e-06,1.2975931167602539e-06,1.2872616449991863e-06,1.2830893198649089e-06,0.001211386521657308,0.0012352363268534343,0.001218249003092448,0.0012007625897725424,0.001203478177388509
349,8,distance,2.0004704859511655,0.6261395783913961,0.5959615375543041,0.6360199946599825,0.6234164051808924,0.6406662888246913,0.6346336657371101,0.1811681196144511,0.1712482003695655,0.17693740894926926,0.17527157641711993,0.17666979571226618,0.17625902021253437,0.1639052218301438,0.16198480077141145,0.15761400282774773,0.15893117618031888,0.16216771602727692,0.16092058352737976,0.5959615375543041,0.6360199946599825,0.6234164051808924,0.6406662888246913,0.6346336657371101,0.6261395783913961,0.5877018074872711,0.6285791768336108,0.6157179330551185,0.6333204548654006,0.6271645072853986,0.61849677590536,1.6391873359680174e-06,0.0012142914930979409,2.9274821281433107e-06,1.331468423207601e-06,1.3649463653564452e-06,1.2890497843424478e-06,1.2829899787902831e-06,0.0012279840310414631,0.0012222778797149657,0.0012117600440979003,0.001206355889638265,0.001203079620997111
350,9,distance,2.0,0.6206847638981088,0.6144072915058734,0.6247046591754242,0.6220079406184229,0.6337232768968296,0.6085806512939942,0.18292471538091817,0.1764237113388994,0.1717350940636616,0.1752433813674358,0.18052207054845057,0.17736979453987312,0.1620054058474408,0.1630283318990183,0.1634957023311452,0.1628846052287638,0.15961982037283956,0.16220677313584156,0.6144072915058734,0.6247046591754242,0.6220079406184229,0.6337232768968296,0.6085806512939942,0.6206847638981088,0.6065246466984977,0.6170325227360802,0.614280675349975,0.6262355074296438,0.6005788928877385,0.6129304490203871,1.5365878740946452e-06,4.4809023539225254e-05,2.556939919789632e-06,1.3825297355651856e-06,1.2505054473876953e-06,1.2465318044026693e-06,1.2464324633280435e-06,5.0025383631388344e-05,4.5919020970662434e-05,4.2770703633626305e-05,4.264553387959798e-05,4.268447558085124e-05
351,9,distance,2.0,0.6170344661081222,0.6392695100751251,0.5996157889919043,0.6048472494304866,0.615582767242473,0.6258570148006222,0.1729714341170884,0.1817009989177899,0.17925558446872267,0.18305900257553384,0.17459540334625923,0.17831648468507882,0.1591787979260005,0.169639707621784,0.1667691005422277,0.16189028076018316,0.15658545767698565,0.1628126689054362,0.6392695100751251,0.5996157889919043,0.6048472494304866,0.615582767242473,0.6258570148006222,0.6170344661081222,0.6318951218654173,0.5914307625317728,0.5967691693507009,0.6077241526034776,0.6182084358868358,0.6092055284476409,1.663088798522949e-06,4.4866323471069334e-05,3.1961997350056967e-06,1.3758738835652669e-06,1.2508034706115722e-06,1.2496113777160644e-06,1.2429555257161457e-06,5.006472269694011e-05,4.5195817947387695e-05,4.367669423421224e-05,4.2390028635660804e-05,4.3004353841145834e-05
352,9,distance,2.0,0.6202801391452701,0.5948339655907763,0.611488299044793,0.6497270313626734,0.6211645665040474,0.6241868332240608,0.18111579862617647,0.1753357191412195,0.17310809253793083,0.18196058642057855,0.1781465250313454,0.17793334435145017,0.16864896529958842,0.16152758854702334,0.1592236055219444,0.16316533992883528,0.15712909680694584,0.16193891922086748,0.5948339655907763,0.611488299044793,0.6497270313626734,0.6211645665040474,0.6241868332240608,0.6202801391452701,0.58655118464885,0.6035459814784173,0.6425664255302238,0.6134200601974862,0.6165041109049615,0.6125175525519878,1.4243721961975097e-06,4.4089158376057946e-05,2.0084778467814127e-06,1.3638536135355632e-06,1.2541810671488445e-06,1.2444456418355306e-06,1.250902811686198e-06,4.8367977142333985e-05,4.3541590372721354e-05,4.275957743326823e-05,4.223823547363281e-05,4.3538411458333336e-05
353,9,distance,2.0,0.6242746520348742,0.6303050109390786,0.6071098604566401,0.620918506039067,0.6296456373002688,0.6333942454393167,0.1717432803077017,0.19291477451499334,0.17293578563821735,0.17404953716256086,0.1712523452750066,0.17657914457969598,0.15934848788895,0.16661155911298278,0.1593648622140597,0.16436028199520114,0.15794056410241852,0.16152515106272242,0.6303050109390786,0.6071098604566401,0.620918506039067,0.6296456373002688,0.6333942454393167,0.6242746520348742,0.6227473620996731,0.5990780347760263,0.6131689695356066,0.6220745089316201,0.6258997496050267,0.6165937249895906,1.528501510620117e-06,4.480401674906413e-05,2.5300184885660807e-06,1.3754765192667644e-06,1.250604788462321e-06,1.2453397115071615e-06,1.2410680452982584e-06,5.037705103556315e-05,4.4806400934855144e-05,4.283825556437175e-05,4.255970319112142e-05,4.343867301940918e-05
354,7,distance,2.0093591248170597,0.6253894073539389,0.6055329111339101,0.6447087374069479,0.6109506938649634,0.6240955506543282,0.6416591437095451,0.18269645333642168,0.1702830316480831,0.17872394524567856,0.1679398100919799,0.1737541783458382,0.17467948373360026,0.1695969005241071,0.160036100629155,0.16398435713516935,0.15773595094684767,0.1630590773100241,0.16288247730906064,0.6055329111339101,0.6447087374069479,0.6109506938649634,0.6240955506543282,0.6416591437095451,0.6253894073539389,0.5974688479884364,0.6374455429416725,0.6029973860734464,0.6164109622520317,0.6343336066133178,0.6177312691737809,1.718421777089437e-06,0.0011832300821940102,3.335575262705485e-06,1.3461709022521973e-06,1.3070305188496908e-06,1.305838425954183e-06,1.2974937756856283e-06,0.0011808530489603678,0.0011907811959584553,0.0011776343981424967,0.0011655143896738688,0.0012013673782348632
355,8,distance,2.013788656229546,0.629002724132154,0.610183237528058,0.6193894709840257,0.5998734968794087,0.6436717956262816,0.6718956196429957,0.18527522795571558,0.1772484545940958,0.17955023717423443,0.17555077906998112,0.16165826348979967,0.1758565924567653,0.16836197252942584,0.16398024694461588,0.16836332680485872,0.15619837918912366,0.14346808951211765,0.16007440299602838,0.610183237528058,0.6193894709840257,0.5998734968794087,0.6436717956262816,0.6718956196429957,0.629002724132154,0.60221424068025,0.6116086765237332,0.5916937387236215,0.6363874030326111,0.6651882047123585,0.6214184527345148,1.4299551645914713e-06,0.0012060575485229492,1.9587079683939615e-06,1.3261040051778158e-06,1.2939174969991047e-06,1.29242738087972e-06,1.2786189715067546e-06,0.0012151086330413818,0.001203692356745402,0.0012098666032155354,0.0012051379680633545,0.0011964821815490722
356,7,distance,2.0092840617852943,0.6143211714986516,0.6302783368083285,0.6186721537056636,0.5959048754823885,0.6432618069568447,0.5834886845400327,0.17254993496862586,0.1843865300901552,0.18137369147758847,0.1722220281950921,0.17753163498807137,0.1776127639439066,0.15859441974231447,0.1588077632437268,0.17318252837016343,0.15960603711039684,0.17414124613925344,0.164866398921171,0.6302783368083285,0.6186721537056636,0.5959048754823885,0.6432618069568447,0.5834886845400327,0.6143211714986516,0.6227201426715311,0.6108766951783519,0.5876439870765771,0.6359690329934411,0.5749739728100163,0.6064367661459835,1.5693902969360353e-06,0.0011863205432891845,2.5918086369832357e-06,1.3273954391479492e-06,1.2930234273274739e-06,1.3518333435058594e-06,1.2828906377156576e-06,0.0011792520682017008,0.0011984761555989584,0.0011802132924397786,0.00119035005569458,0.001183311144510905
357,7,distance,2.0047366097661623,0.6148698008859013,0.6258072440256816,0.5949388917151808,0.6331576098867535,0.607343782559311,0.6131014762425795,0.18114046620825147,0.1804819333173893,0.17292580016795203,0.17689414991070396,0.17615309403384277,0.1775190887276279,0.1616102082287039,0.172427765527199,0.16047493736262577,0.15999440861996547,0.17023585273628167,0.16494863449495517,0.6258072440256816,0.5949388917151808,0.6331576098867535,0.607343782559311,0.6131014762425795,0.6148698008859013,0.6181576476514195,0.586658255770687,0.6256582765283907,0.5993167389319034,0.6051921367449832,0.6069966111254768,1.7193555831909178e-06,0.0011863350868225099,3.344714641571045e-06,1.3196468353271485e-06,1.295804977416992e-06,1.2880563735961914e-06,1.3485550880432129e-06,0.0011841559410095215,0.0011999253431955973,0.0011718841393788656,0.001194816033045451,0.0011808939774831137
358,8,distance,2.015844750579668,0.6187087521433806,0.6439177670591428,0.6072965691177454,0.634502345610897,0.6218321914288076,0.5859948875003098,0.17470325096200634,0.17638415189357143,0.1723081443384335,0.17623909429046464,0.1814602868677923,0.17621898567045363,0.15798924442562406,0.1702256041370561,0.1604882006022353,0.16351574768988525,0.16979609965398404,0.16440297930175693,0.6439177670591428,0.6072965691177454,0.634502345610897,0.6218321914288076,0.5859948875003098,0.6187087521433806,0.636638402842294,0.5992685603092496,0.6270305025910176,0.6141013333319519,0.5775314099023605,0.6109140417953747,1.5356341997782389e-06,0.0012174464066823324,2.504289150238037e-06,1.3179580370585125e-06,1.283884048461914e-06,1.285374164581299e-06,1.2866655985514323e-06,0.0012316489219665527,0.0012356452147165935,0.00121955672899882,0.0011999547481536866,0.001200426419576009
359,7,distance,2.0000688730005853,0.6210879469180096,0.6484533732027515,0.6568074921020968,0.6312806240945721,0.5996642361376592,0.5692340090529686,0.17853462392040786,0.16581354332005815,0.1669158486116368,0.18009305404509096,0.18905482496347484,0.17608237897213372,0.1579634040809296,0.1520829800050527,0.15769679996723346,0.168893409035025,0.17921323636776085,0.1631699658912003,0.6484533732027515,0.6568074921020968,0.6312806240945721,0.5996642361376592,0.5692340090529686,0.6210879469180096,0.6412667300654995,0.6497916316339966,0.623742919646761,0.5914802000791446,0.560427889987612,0.6133418742826027,1.7093022664388023e-06,0.0011933114528656006,3.31650177637736e-06,1.3454755147298178e-06,1.290738582611084e-06,1.3175606727600098e-06,1.2762347857157389e-06,0.0012140778700510662,0.0012044811248779297,0.001170202096303304,0.0012243294715881348,0.0011534667015075683
360,15,uniform,2.0127547079042314,0.6130651008772505,0.6262594426873955,0.6271174961372326,0.6179049800110425,0.6094738309219936,0.5845697546285886,0.17847388716454068,0.18013435093828292,0.18194310756447762,0.18383015571204941,0.18636242314263246,0.18214878490439662,0.15790048055670897,0.1568692747957671,0.15525742418684493,0.16501964706816782,0.16776201399665902,0.1605617681208296,0.6262594426873955,0.6271174961372326,0.6179049800110425,0.6094738309219936,0.5845697546285886,0.6130651008772505,0.6186190905787903,0.6194946851553702,0.6100938382054761,0.6014903317244875,0.5760771431388834,0.6051550177606015,2.0711223284403483e-06,0.0013581759929656983,3.094971179962158e-06,3.298819065093994e-06,1.3569990793863932e-06,1.3112028439839682e-06,1.2936194737752279e-06,0.0013895098368326823,0.0013534696896870932,0.0013326255480448405,0.001366798480351766,0.0013484764099121094
361,15,distance,2.005819054514048,0.6151789714024167,0.596216624305784,0.6229001700392875,0.6260386192916131,0.6187783606724316,0.6119610827029672,0.18397168625945615,0.17124475985905468,0.18489807654701512,0.18120282059345197,0.18011700098341302,0.18028686884847817,0.17291684902486795,0.15179428779727983,0.15819058028648073,0.16194328554124449,0.16206611949286778,0.16138222442854816,0.596216624305784,0.6229001700392875,0.6260386192916131,0.6187783606724316,0.6119610827029672,0.6151789714024167,0.5879621089593946,0.615191144554571,0.6183937529057517,0.6109850733267232,0.6040284302198933,0.6073121019932668,1.570979754130046e-06,0.0013491919040679932,2.5851527849833172e-06,1.363356908162435e-06,1.3054410616556804e-06,1.299579938252767e-06,1.3013680775960286e-06,0.0013640006383260092,0.001331878105799357,0.0013367954889933267,0.0013530258337656658,0.001360259453455607
362,9,distance,2.0,0.6156864117335485,0.6021873039772561,0.6225207075640142,0.6087634731834264,0.6455732477449325,0.5993873261981142,0.17888661929314018,0.18309389914043003,0.17554753169551612,0.17250718686014432,0.17878586104198646,0.17776421960624342,0.17019610827850792,0.16154430756163163,0.16521642005114567,0.15373416435644807,0.17019310782884034,0.16417682161531472,0.6021873039772561,0.6225207075640142,0.6087634731834264,0.6455732477449325,0.5993873261981142,0.6156864117335485,0.5940548468183584,0.6148039247544199,0.6007654521922869,0.6383277264041134,0.5911976292890466,0.6078299158916451,1.5517671902974448e-06,4.592959086100261e-05,2.3909409840901695e-06,1.4033913612365724e-06,1.372992992401123e-06,1.2961030006408692e-06,1.2954076131184896e-06,4.6786864598592125e-05,4.802664120992025e-05,4.5746564865112305e-05,4.482905069986979e-05,4.425883293151855e-05
363,9,distance,2.0,0.6234437694661066,0.6166514995338135,0.5962180960322374,0.6307241958927152,0.613184990440917,0.6604400654308498,0.17695175193320098,0.18261869486672902,0.18104284440707122,0.17637442419267585,0.16862218006186738,0.1771219790923089,0.16144391708462585,0.16791584018748174,0.15446679315691805,0.17536831887794754,0.1473913124759492,0.1613172363565845,0.6166514995338135,0.5962180960322374,0.6307241958927152,0.613184990440917,0.6604400654308498,0.6234437694661066,0.6088147329144025,0.587963610772249,0.6231751164220383,0.605277358218244,0.653498465405586,0.615745856746504,1.7147660255432128e-06,4.5922040939331046e-05,3.2529234886169435e-06,1.376370588938395e-06,1.3753771781921386e-06,1.2859702110290527e-06,1.2831886609395345e-06,5.0191084543863935e-05,4.750649134318034e-05,4.313270250956217e-05,4.420797030131022e-05,4.4571955998738604e-05
364,15,distance,2.0022870212772013,0.6207522324798163,0.6408366844728964,0.6112010022983534,0.6520575738354504,0.5824595721212293,0.6172063296711521,0.17876406277775175,0.17533953469836494,0.17208978051948093,0.18781651958568513,0.17963912591910816,0.17872980470007818,0.1573542690178878,0.1643230060162846,0.15312470699805275,0.16571211859141632,0.1618497436830508,0.16047276886133846,0.6408366844728964,0.6112010022983534,0.6520575738354504,0.5824595721212293,0.6172063296711521,0.6207522324798163,0.6334943338999404,0.603252811544657,0.644944611119991,0.5739238223179155,0.6093809054054857,0.612999296857598,1.807411511739095e-06,0.0013542096614837646,3.819068272908529e-06,1.333157221476237e-06,1.289347807566325e-06,1.30156675974528e-06,1.2939174969991047e-06,0.0013892459869384766,0.0013397316137949626,0.0013513243198394775,0.0013367704550425212,0.0013539759318033854
365,9,distance,2.0,0.6203862947560312,0.6391914518855699,0.5802419303634841,0.6141464069335145,0.635721010811379,0.632630673786209,0.1734451626373411,0.18714318267296992,0.17395194360925306,0.16625468862579246,0.18260921806837443,0.1766808391227462,0.15823745311584456,0.17246856236618446,0.16208337676368575,0.15442683958901093,0.1681939234936612,0.1630820310656774,0.6391914518855699,0.5802419303634841,0.6141464069335145,0.635721010811379,0.632630673786209,0.6203862947560312,0.631815467937745,0.5716608454646116,0.606258428881048,0.6282740808790733,0.6251205683099474,0.6126258782944851,1.8669962882995606e-06,4.614051183064778e-05,4.10844882329305e-06,1.386106014251709e-06,1.280506451924642e-06,1.2807051340738933e-06,1.2792150179545084e-06,5.069454511006673e-05,4.645228385925293e-05,4.480878512064616e-05,4.4324398040771484e-05,4.4422547022501626e-05
366,15,uniform,2.012581554620713,0.6057739205149453,0.6098038787973818,0.6008906390552441,0.606591195388487,0.586409397567627,0.6251744917659867,0.18259171741920074,0.18543699546056883,0.19069377493826262,0.1792246110849743,0.17864718388424167,0.18331885655744964,0.1624098516360178,0.1678196043150884,0.16246021249623463,0.16091879068926557,0.15966064211194822,0.16265382024971092,0.6098038787973818,0.6008906390552441,0.606591195388487,0.586409397567627,0.6251744917659867,0.6057739205149453,0.6018271267455395,0.5927316742659134,0.598548766674112,0.5779543937700317,0.6175119600814754,0.5977147843074144,1.7155210177103678e-06,0.0013509296576182047,3.2568971316019693e-06,1.3968348503112792e-06,1.296699047088623e-06,1.3412038485209146e-06,1.2859702110290527e-06,0.001375899314880371,0.0013430527846018474,0.0013581422964731853,0.0013391375541687012,0.001338416337966919
367,15,distance,2.017501837275967,0.6190638097436365,0.6047331892203756,0.6269731519738129,0.6849803004999363,0.5563789836236123,0.6222534234004455,0.17829851004529151,0.1756059344336522,0.16597658495969247,0.1988983382469252,0.17813116473329074,0.17938210648377043,0.16073268063247928,0.15679018226874722,0.14744547367794483,0.17646447358051798,0.15877619861827516,0.1600418017555929,0.6047331892203756,0.6269731519738129,0.6849803004999363,0.5563789836236123,0.6222534234004455,0.6190638097436365,0.5966527774156813,0.6193473901742996,0.678540374786136,0.5473100701712841,0.6145311765193644,0.6112763578133531,1.408835252126058e-06,0.0013555414676666262,1.7498930295308432e-06,1.3468662897745769e-06,1.2973944346110025e-06,1.3496478398640951e-06,1.3003746668497721e-06,0.0013948265711466472,0.0013582189877827963,0.0013492202758789062,0.0013280097643534343,0.001347431739171346
368,15,uniform,2.0093108260214096,0.6143176596323668,0.6322573811950998,0.6290271856803127,0.6077726663367045,0.6203269048392226,0.5822041601104948,0.1850257216723077,0.17859114813253285,0.1815213198188196,0.17493622526222852,0.19023321647427197,0.18206152627203212,0.1563714395945816,0.15076811969446594,0.165870492345278,0.1558484424815116,0.17200122159776113,0.16017194314271965,0.6322573811950998,0.6290271856803127,0.6077726663367045,0.6203269048392226,0.5822041601104948,0.6143176596323668,0.6247396445244715,0.621443414348394,0.599754390350402,0.6125652742737553,0.5736631889372852,0.6064331824868616,1.5891194343566895e-06,0.0013507276376088458,2.745985984802246e-06,1.3265013694763183e-06,1.2943148612976074e-06,1.2965997060139974e-06,1.282195250193278e-06,0.001373393932978312,0.0013305373986562093,0.0013485411802927653,0.0013617463906606037,0.0013394192854563395
369,9,distance,2.0,0.6249534058716828,0.6328387534199286,0.5961021170526826,0.6275685482931235,0.6086327558639157,0.6596248547287631,0.1744224043684272,0.18328015787287433,0.1794739128056877,0.1781628544472964,0.16654266901659842,0.1763763997021768,0.1589108000788178,0.16738910799400675,0.15983261125858308,0.16662202375607402,0.15484877254610327,0.161520663126717,0.6328387534199286,0.5961021170526826,0.6275685482931235,0.6086327558639157,0.6596248547287631,0.6249534058716828,0.6253329017010856,0.587845260842516,0.6199549581389795,0.6006320626277437,0.6526665894080563,0.6172863545436762,1.7698605855305993e-06,4.597997665405273e-05,3.5930673281351725e-06,1.3865033785502116e-06,1.2875596682230631e-06,1.293321450551351e-06,1.2888511021931967e-06,5.163669586181641e-05,4.57298755645752e-05,4.473050435384115e-05,4.384597142537435e-05,4.395683606465658e-05
370,15,distance,2.029561514106179,0.6161248080761746,0.6313200444851963,0.6235630680358457,0.5976054391999612,0.6314460466211405,0.5966894420387299,0.17813919509214174,0.1765344573044327,0.18552315399497457,0.17196355034349842,0.18875330184044273,0.18018273171509802,0.15134726738809623,0.1625336856475193,0.1676892198931277,0.1551963538306509,0.16852858480264923,0.16105902231240868,0.6313200444851963,0.6235630680358457,0.5976054391999612,0.6314460466211405,0.5966894420387299,0.6161248080761746,0.6237831459056773,0.6158675941285717,0.5893793152994493,0.6239117238944858,0.5884445924722304,0.6082772743400829,1.600066820780436e-06,0.001361445665359497,2.602537473042806e-06,1.387496789296468e-06,1.3020634651184081e-06,1.4063715934753417e-06,1.3018647829691568e-06,0.0013726409276326498,0.0013499093055725098,0.001408534049987793,0.0013436241944630941,0.0013325198491414387
371,15,distance,2.0138092559636362,0.6135543944556414,0.5889334912653752,0.596564547298521,0.6458287905164042,0.59205782565408,0.6443873175438266,0.1829122970361245,0.18508291316009842,0.17357675572134496,0.18792950836126632,0.17604661285776216,0.1811096174273193,0.16540133999524198,0.16701169883457215,0.14785681942290543,0.17311584415603634,0.15359018014272832,0.16139517651029683,0.5889334912653752,0.596564547298521,0.6458287905164042,0.59205782565408,0.6443873175438266,0.6135543944556414,0.5805300873389434,0.5883171445175709,0.6385884932186134,0.5837182922773321,0.6371175523147397,0.6056543139334399,1.5821854273478189e-06,0.0013546542326609294,2.6134649912516274e-06,1.346766948699951e-06,1.2969970703125e-06,1.3659397761027019e-06,1.2877583503723145e-06,0.0013659111658732097,0.0013472918669382731,0.001354679266611735,0.001340104341506958,0.001365284522374471
372,9,distance,2.0,0.6235563767363456,0.6407662332221885,0.6437332489748548,0.6409360175108281,0.5898484077649033,0.6024979762089531,0.17527563896776008,0.17313194012293762,0.17419798962906446,0.175423801738573,0.18280240715635362,0.17616635552293775,0.16337756395952577,0.15869024868124473,0.15651871404717094,0.1692830301756917,0.16254633487580342,0.1620831783478873,0.6407662332221885,0.6437332489748548,0.6409360175108281,0.5898484077649033,0.6024979762089531,0.6235563767363456,0.633422442419235,0.6364501126676969,0.6335956975962282,0.5814637074125675,0.5943718701007885,0.6158607660393033,1.7564694086710612e-06,4.5634508132934564e-05,3.548463185628255e-06,1.3774633407592773e-06,1.284480094909668e-06,1.2908379236857096e-06,1.2811024983723958e-06,5.0267775853474936e-05,4.5203367869059244e-05,4.4497251510620115e-05,4.412412643432617e-05,4.408001899719238e-05
373,15,uniform,2.0572676055570858,0.6107726652231541,0.5933473122684169,0.6220766648428924,0.6059676869586191,0.6228486047041695,0.6096230573416725,0.18850336361400194,0.1782302568668194,0.18048579042784843,0.18383696028641686,0.17835697137889647,0.18188266851479662,0.16803371624026184,0.15915168803083446,0.16057502323888928,0.16073097347948834,0.16121817570594404,0.16194191533908361,0.5933473122684169,0.6220766648428924,0.6059676869586191,0.6228486047041695,0.6096230573416725,0.6107726652231541,0.5850341397764595,0.6143508044989652,0.5979125119049623,0.6151385250729089,0.601642608769441,0.6028157180045474,1.533945401509603e-06,0.001341682195663452,2.4553140004475913e-06,1.3377269109090168e-06,1.288751761118571e-06,1.3002753257751466e-06,1.2876590092976887e-06,0.0013471055030822754,0.001341185967127482,0.0013320632775624592,0.0013263364632924398,0.001361719767252604
374,9,distance,2.0,0.6235181473820706,0.6267678730336785,0.5875903061765011,0.6324818674245702,0.6405037098312176,0.6302469804443857,0.1729917899450787,0.17915843261335704,0.18285162507742336,0.1747694297298457,0.16832475601263788,0.17561920667566852,0.15500987786508552,0.1752716391007465,0.1603992041864779,0.15891771114270545,0.16371375083514256,0.16266243662603158,0.6267678730336785,0.5875903061765011,0.6324818674245702,0.6405037098312176,0.6302469804443857,0.6235181473820706,0.6191379147311302,0.5791594436111145,0.6249687199102514,0.6331545522809188,0.6226881452916304,0.615821755165009,1.5769402186075847e-06,4.437565803527832e-05,2.64813502629598e-06,1.3736883799235026e-06,1.2888511021931967e-06,1.2808044751485189e-06,1.2932221094767252e-06,4.850268363952637e-05,4.3234825134277345e-05,4.339138666788737e-05,4.267613093058268e-05,4.4073263804117836e-05
375,15,uniform,2.0570201337494725,0.6082418322064242,0.602111474242322,0.606554946983001,0.6071899671469339,0.6196191601460928,0.6057336125137713,0.1826317805115014,0.1792608385257728,0.18393421622222986,0.1795000692331341,0.18683506457732305,0.18243239381399223,0.16124325761900082,0.1605734961191745,0.16861253564173387,0.1622403173910336,0.16056320875064395,0.16264656310431733,0.602111474242322,0.606554946983001,0.6071899671469339,0.6196191601460928,0.6057336125137713,0.6082418322064242,0.5939774669014496,0.5985117772450045,0.5991597790817945,0.6118430612052974,0.5976736522925878,0.6002331473452268,1.5950600306193035e-06,0.0013330972989400226,2.7206540107727053e-06,1.329183578491211e-06,1.3492504755655925e-06,1.2959043184916179e-06,1.2803077697753907e-06,0.0013620710372924804,0.001326061487197876,0.0013138886292775472,0.0013428831100463867,0.0013205822308858235
376,15,uniform,2.01723514876943,0.606634509788385,0.5818925339815468,0.6695283560105694,0.597229832955406,0.623593665659833,0.5609281603345698,0.19449333761150123,0.17020716466830527,0.18725268480834226,0.16937501205011396,0.19087673446434802,0.18244098672052217,0.17227572965531315,0.14598903566354385,0.16110935503452942,0.16006790692503697,0.1720436596397329,0.16229713738363125,0.5818925339815468,0.6695283560105694,0.597229832955406,0.623593665659833,0.5609281603345698,0.606634509788385,0.5733451922571491,0.66277254727484,0.5889960305626716,0.615898817257649,0.5519522453839989,0.5985929665472617,1.659532388051351e-06,0.0013510541121164957,3.0127167701721192e-06,1.342793305714925e-06,1.2962023417154948e-06,1.2868642807006836e-06,1.3590852419535319e-06,0.0013568711280822754,0.0013324697812398276,0.0013724279403686524,0.0013365523020426432,0.0013569494088490803
377,15,uniform,2.0085781123198307,0.6150319417254698,0.6154979008667585,0.5820562750088357,0.6165178608318465,0.6439555608487031,0.6171321110712056,0.1817842987990547,0.19450782445224188,0.17785479119890132,0.17689018081583355,0.17558053444745572,0.18132352594269743,0.15964052831709802,0.17017295579027283,0.1587419270492619,0.1516421324881026,0.16104749024173462,0.16024900677729398,0.6154979008667585,0.5820562750088357,0.6165178608318465,0.6439555608487031,0.6171321110712056,0.6150319417254698,0.607637551310372,0.5735122806308222,0.6086783622457854,0.6366769692476544,0.6093051695598843,0.6071620665989037,1.6847848892211913e-06,0.001343250672022502,3.1791130701700846e-06,1.3479590415954589e-06,1.3018647829691568e-06,1.2975931167602539e-06,1.2973944346110025e-06,0.0013792864481608073,0.0013202174504597982,0.0013521794478098552,0.0013458530108133953,0.0013187170028686524
378,15,uniform,2.0172386208341075,0.6131361617276581,0.5815839101846206,0.6125304563569034,0.6374600277675169,0.6183001078694397,0.6158063064598094,0.18784792730648334,0.17270355527655332,0.17684129149194064,0.1819069504167332,0.18491924897258707,0.18084379469285952,0.1755776585096435,0.15816785829992136,0.15254093893099,0.16314684319525877,0.16110247436800515,0.16210715466076375,0.5815839101846206,0.6125304563569034,0.6374600277675169,0.6183001078694397,0.6158063064598094,0.6131361617276581,0.5730302592854988,0.6046094435396681,0.630048648437381,0.6104970436350841,0.6079522616174204,0.6052275313030104,1.764973004659017e-06,0.0013567688465118406,3.13262144724528e-06,1.3978282610575359e-06,1.5056133270263673e-06,1.3662377993265788e-06,1.422564188639323e-06,0.0013591814041137695,0.0013872158527374267,0.0013577644030253093,0.0013591265678405762,0.0013205560048421224
379,9,distance,2.0,0.6216286218290408,0.655929596260609,0.5803086668146256,0.6043064769689439,0.6119687967928911,0.6556295723081345,0.1711956883081219,0.19082342966203278,0.17737967815489694,0.17371812989570984,0.17441085784303817,0.17750555677275992,0.15532172268420444,0.17159167476454026,0.16744305801199938,0.16401817540026228,0.14970262295190012,0.16161545076258127,0.655929596260609,0.5803086668146256,0.6043064769689439,0.6119687967928911,0.6556295723081345,0.6216286218290408,0.6488957890291394,0.5717289462043624,0.5962173419154981,0.6040363020084186,0.64858963170796,0.6138936021730756,1.5574097633361817e-06,4.507978757222493e-05,2.672672271728516e-06,1.2770295143127442e-06,1.277625560760498e-06,1.275936762491862e-06,1.2837847073872885e-06,4.80353832244873e-05,4.404385884602864e-05,4.491925239562988e-05,4.4380426406860354e-05,4.402001698811849e-05
380,7,uniform,2.0051641438366588,0.6109882355267447,0.6209808366924447,0.5858042662380416,0.6227953279853542,0.5848270877502663,0.6405336589676169,0.17461677430135122,0.18975878111422823,0.1759334580945953,0.1844322726919906,0.1738556566167515,0.17971938856378336,0.15896369368590485,0.16934359116504558,0.16318708023445397,0.17010942939942714,0.15972184592400573,0.16426512808176744,0.6209808366924447,0.5858042662380416,0.6227953279853542,0.5848270877502663,0.6405336589676169,0.6109882355267447,0.6132325744101779,0.577336891782942,0.6150841592218521,0.5763397369035936,0.6331851136654216,0.6030356951967974,1.682758331298828e-06,0.0011858159701029461,3.088414669036865e-06,1.3600786526997883e-06,1.3674298922220866e-06,1.2897451718648274e-06,1.3081232706705728e-06,0.0011833004156748454,0.001174710194269816,0.0011827532450358073,0.0012009457747141521,0.001187370220820109
381,7,uniform,3.3686695738241816,0.5807910483741472,0.5837333132240219,0.5778392857464292,0.5550651938614095,0.5914397936690851,0.5958776553697901,0.18313437899782514,0.18740025510986882,0.18511803317151948,0.19513980948019266,0.17751611332034709,0.18566171801595063,0.16462183045504156,0.17719309455114454,0.16961961711078824,0.176818858009772,0.1670292361208723,0.17105652724952375,0.5837333132240219,0.5778392857464292,0.5550651938614095,0.5914397936690851,0.5958776553697901,0.5807910483741472,0.5752236024211058,0.569209083751467,0.5459694226967364,0.5830876259076354,0.5876162105051179,0.5722211890564125,1.6590555508931476e-06,0.0009304354985555013,3.0225515365600586e-06,1.3399124145507813e-06,1.3658404350280761e-06,1.2921293576558432e-06,1.2748440106709797e-06,0.0009278420607248942,0.0009504115581512451,0.0009248208999633789,0.0009218541781107585,0.0009272487958272298
382,7,uniform,2.0057307340569173,0.6127996618161775,0.5835444047557248,0.6049350398065803,0.6253300905084912,0.6376419594033673,0.6125468146067243,0.1815313814537788,0.17934538284340837,0.1753111442459233,0.171833625957733,0.1808202438506991,0.17776835567030852,0.1719657553565404,0.16895356168158915,0.15568152967027848,0.16501180704349971,0.16550190374345355,0.16542291149907226,0.5835444047557248,0.6049350398065803,0.6253300905084912,0.6376419594033673,0.6125468146067243,0.6127996618161775,0.5750308321101859,0.5968587544193212,0.6176707397182049,0.6302342992889558,0.6046261362000476,0.6048841523473432,1.5536149342854817e-06,0.001192576805750529,2.5054812431335447e-06,1.336534818013509e-06,1.2925267219543456e-06,1.2948115666707356e-06,1.3387203216552735e-06,0.0011967333157857259,0.0012102166811625162,0.001194763978322347,0.001192022959391276,0.0011691470940907796
383,8,uniform,2.0302590374126384,0.6211694773315761,0.6023677234888937,0.6264983585571565,0.6421078106224132,0.6522693744718069,0.5826041195176106,0.17318550267277455,0.1712324999901872,0.17528474967199686,0.1725716221344976,0.19310917345114803,0.17707670958412086,0.16563510652628816,0.15526043529162722,0.15860912865599028,0.1573409472785186,0.17326751157835835,0.1620226258661565,0.6023677234888937,0.6264983585571565,0.6421078106224132,0.6522693744718069,0.5826041195176106,0.6211694773315761,0.5942389546334708,0.6188628905889894,0.6347914455925476,0.6451607415819631,0.5740713246866248,0.6134250714167191,1.810053984324137e-06,0.0012221020062764486,3.454486529032389e-06,1.4981627464294435e-06,1.3248125712076823e-06,1.4312068621317546e-06,1.3416012128194173e-06,0.001264586846033732,0.0011944305896759034,0.0012169845898946127,0.0012113805611928305,0.0012231274445851643
384,7,uniform,2.0051658422200838,0.6096182381143411,0.5812824877163245,0.6073235736640978,0.6669836542733045,0.5956469584979843,0.5968545164199947,0.1858570455403605,0.1866131685053846,0.16584259186375896,0.1875489362314431,0.17405951143937615,0.17998425071606466,0.1743252888451981,0.17025492886082966,0.14885157010552663,0.16885465490533094,0.1586101783133421,0.16417932420604547,0.5812824877163245,0.6073235736640978,0.6669836542733045,0.5956469584979843,0.5968545164199947,0.6096182381143411,0.5727226748587366,0.5992961169076569,0.6601758243776992,0.5873807975132753,0.5886130414575415,0.6016376910229819,1.5324950218200685e-06,0.0011851425965627035,2.3772319157918294e-06,1.3382236162821453e-06,1.2979904810587565e-06,1.2850761413574218e-06,1.3639529546101888e-06,0.001192295551300049,0.0011817475159962973,0.0011675743261973064,0.0012020639578501384,0.0011820316314697266
385,7,uniform,2.006446166574598,0.6070533961626884,0.6289258474144953,0.6019929712584936,0.588461255353415,0.6130156304334184,0.6028712763536193,0.17335691174118475,0.18497321703890582,0.18446559046501665,0.17844667934548417,0.1792077516400603,0.18009003004613033,0.1633821788910462,0.1668995527092049,0.17078489041062114,0.16283923537874395,0.16517426867394938,0.1658160252127131,0.6289258474144953,0.6019929712584936,0.588461255353415,0.6130156304334184,0.6028712763536193,0.6070533961626884,0.6213400044314867,0.5938565413693998,0.5800481975412191,0.6051045359959415,0.5947528015942384,0.5990204161864571,1.558403174082438e-06,0.0012021368344624838,2.521077791849772e-06,1.3298789660135905e-06,1.2961030006408692e-06,1.2993812561035157e-06,1.3455748558044433e-06,0.0011908169587453207,0.0011891424655914307,0.0011915477116902669,0.0012421997388203938,0.0011969772974650065
386,8,distance,2.0,0.6215067481799632,0.653126851699912,0.6224791412863281,0.5720849695529835,0.6368071528009447,0.6230356255596479,0.17204830203409632,0.1779832111363658,0.18621165679011892,0.1757881067477626,0.17408900409183667,0.17722405616003606,0.1521227860724065,0.16090413046463847,0.17387802783212825,0.15755265690291745,0.16496405989685625,0.16188433223378937,0.653126851699912,0.6224791412863281,0.5720849695529835,0.6368071528009447,0.6230356255596479,0.6215067481799632,0.6460357481571504,0.6147615087402223,0.5633371324739984,0.6293824267934682,0.6153293691826731,0.6137692370695025,1.6046961148579916e-06,4.427679379781088e-05,2.9018521308898927e-06,1.3817350069681804e-06,1.2522935867309571e-06,1.246035099029541e-06,1.2415647506713866e-06,4.906773567199707e-05,4.656076431274414e-05,4.203597704569499e-05,4.1703383127848305e-05,4.2016108830769855e-05
387,7,uniform,2.020429707525219,0.6114639810221103,0.6181239158571538,0.6053725901838524,0.6149827652564688,0.5809799915280763,0.6378606422850003,0.1838630107640059,0.17811092732866732,0.17548408264700238,0.18511607312472309,0.1698468507149236,0.17848418891586443,0.1656050717983289,0.16535614609670354,0.16487156249028023,0.1725570638085505,0.15917298540666994,0.1655125659201066,0.6181239158571538,0.6053725901838524,0.6149827652564688,0.5809799915280763,0.6378606422850003,0.6114639810221103,0.6103172497417975,0.5973052496083945,0.6071118848187815,0.5724139947620404,0.6304574526894637,0.6035211663240956,1.531064510345459e-06,0.0011852118968963623,2.344250679016113e-06,1.3478597005208333e-06,1.3088186581929524e-06,1.2945135434468587e-06,1.3598799705505372e-06,0.0011822124322255453,0.001208659807840983,0.0011738844712575276,0.0011948871612548829,0.0011664156119028726
388,8,distance,2.0,0.6153799608083911,0.599508876291414,0.5897713969441745,0.6499707718526433,0.6306473296728157,0.6070014292809077,0.18684966578527368,0.18305066135263096,0.16925845513058355,0.17227274213080251,0.18034864455191457,0.17835603379024106,0.17289083277071648,0.17203961429780745,0.15528376760877696,0.15703267298031018,0.16124889418238314,0.16369915636799887,0.599508876291414,0.5897713969441745,0.6499707718526433,0.6306473296728157,0.6070014292809077,0.6153799608083911,0.591321664222414,0.5813851222650094,0.6428151487900057,0.6230966788313741,0.5989673869493419,0.607517200211629,1.6756256421407063e-06,4.3556769688924156e-05,3.1706690788269043e-06,1.4043847719828288e-06,1.267393430074056e-06,1.2689828872680664e-06,1.2666980425516763e-06,4.590312639872233e-05,4.5426289240519206e-05,4.2168299357096356e-05,4.2260090510050455e-05,4.2026042938232424e-05
389,8,distance,2.0,0.6286799843870574,0.6461267744900876,0.5981498505223761,0.5983405026237127,0.655044088430925,0.6457387058681854,0.17716159718392763,0.17649669958525857,0.1792708549187815,0.1698919415952029,0.1729042222927906,0.17514506311519223,0.15344988534977605,0.1703688678047369,0.16563347338764492,0.15689742253343858,0.1570773468280488,0.16068539918072905,0.6461267744900876,0.5981498505223761,0.5983405026237127,0.655044088430925,0.6457387058681854,0.6286799843870574,0.6388925688578577,0.589934855984503,0.590129405573431,0.6479921788247429,0.6384965669762233,0.6210891152433515,1.6244252522786457e-06,4.404099782307943e-05,2.9978156089782716e-06,1.384119192759196e-06,1.2501080830891927e-06,1.2426575024922688e-06,1.2474258740743002e-06,4.847288131713867e-05,4.4848918914794925e-05,4.3169260025024414e-05,4.157463709513346e-05,4.2139291763305665e-05
390,8,distance,2.0,0.6276555305344955,0.5655365569819757,0.6430898270350671,0.6574025528396317,0.6212521664799774,0.6509965493358254,0.19029411103064447,0.17236422731315804,0.17016043311833481,0.17557213429941437,0.1694725628169586,0.17557269371570206,0.17911683026069833,0.15387415523001086,0.15439231625939492,0.16020577754299864,0.15695237171844856,0.16090829020231026,0.5655365569819757,0.6430898270350671,0.6574025528396317,0.6212521664799774,0.6509965493358254,0.6276555305344955,0.5566548511621865,0.6357935372981349,0.6503988571566259,0.6135094509736055,0.6438618961706293,0.6200437185522365,1.480857531229655e-06,4.405999183654785e-05,2.3044149080912273e-06,1.3715028762817384e-06,1.2429555257161457e-06,1.244048277537028e-06,1.2413660685221355e-06,4.9008528391520184e-05,4.421273867289225e-05,4.1791598002115884e-05,4.209280014038086e-05,4.3194293975830075e-05
391,7,uniform,2.010957568815069,0.6049873881345469,0.577131167949643,0.6315498455919484,0.625183640758759,0.5771373022362642,0.61393498413612,0.18052215306111866,0.17273201000337846,0.17944047946764632,0.1821952219392558,0.18746982746959057,0.18047193838819794,0.168617104829938,0.1645621871359769,0.16079211692539172,0.17100230317494425,0.16481399538962618,0.16595754149117542,0.577131167949643,0.6315498455919484,0.625183640758759,0.5771373022362642,0.61393498413612,0.6049873881345469,0.5684864899520208,0.6240176448204039,0.6175212961064678,0.5684927496414349,0.6060426839821735,0.5969121729005001,1.7319122950236002e-06,0.0011824508508046468,3.3652782440185547e-06,1.330276330312093e-06,1.2968977292378743e-06,1.2969970703125e-06,1.3701121012369793e-06,0.0011882472038269043,0.001175840695699056,0.0012020917733510336,0.001191995143890381,0.0011540794372558595
392,7,uniform,2.0146031444557524,0.6158574114206301,0.6172817137390008,0.61406278922027,0.5990974758130385,0.6342165520646417,0.6146285262661998,0.18386353049235812,0.18207021424149455,0.17377715851562067,0.1757488817716803,0.17476140967581485,0.17804423893939372,0.16332704459890962,0.16453640376699633,0.16678289812235156,0.16011585701787615,0.16392760443417909,0.16373796158806256,0.6172817137390008,0.61406278922027,0.5990974758130385,0.6342165520646417,0.6146285262661998,0.6158574114206301,0.6094578305445681,0.6061731017767321,0.590901853512794,0.6267388665872579,0.6067504041455769,0.6080044113133858,1.6423066457112629e-06,0.0011878151893615723,2.9380122820536294e-06,1.3393163681030273e-06,1.3017654418945312e-06,1.2970964113871257e-06,1.3353427251180012e-06,0.0011727166175842284,0.0012042943636576334,0.0011754743258158367,0.0012021613121032714,0.0011844293276468913
393,8,uniform,2.009046381483361,0.6185188104754252,0.5887485210065808,0.6245949682744357,0.6274416956271303,0.6175876929973161,0.6342211744716636,0.18124255817645613,0.16671523988851744,0.17510737344046057,0.18356252082493055,0.18264615122025565,0.17785476871012407,0.1767827365545823,0.15608459278788733,0.15840615072462336,0.15716272735854023,0.16444301445136816,0.16257584437540026,0.5887485210065808,0.6245949682744357,0.6274416956271303,0.6175876929973161,0.6342211744716636,0.6185188104754252,0.5803413357460679,0.6169205894316644,0.6198255122327956,0.6097700649154896,0.6267435834898236,0.6107202171631683,2.646485964457194e-06,0.0012243633270263672,3.1914313634236656e-06,1.41143798828125e-06,1.3495484987894693e-06,1.358489195505778e-06,5.921522776285807e-06,0.0012333949406941732,0.001250481605529785,0.0012361498673756916,0.0011999976634979247,0.001201792558034261
394,8,distance,2.0,0.6257874768167814,0.6417235935826536,0.6322821194977213,0.6211515989169323,0.6039684227555671,0.6298116493310326,0.17129043606758523,0.1736670845368171,0.17351569636350933,0.18352864560073806,0.17660095757449937,0.17572056402862982,0.1596902443731124,0.16110861006399693,0.16049989080202587,0.1629704321815864,0.16524525297380438,0.1619028860789052,0.6417235935826536,0.6322821194977213,0.6211515989169323,0.6039684227555671,0.6298116493310326,0.6257874768167814,0.6343993740306806,0.6247648885504855,0.6134068275148934,0.5958723768834492,0.6222439147347334,0.6181374763428484,1.6563336054484048e-06,4.3279727300008145e-05,3.1603376070658367e-06,1.3774633407592773e-06,1.25199556350708e-06,1.244048277537028e-06,1.2478232383728027e-06,4.644473393758138e-05,4.3062369028727215e-05,4.233717918395996e-05,4.206538200378418e-05,4.248897234598796e-05
395,8,distance,2.0,0.6200119702598078,0.6660997609205888,0.635342559606688,0.6181406278432164,0.6074187279802279,0.5730581749483179,0.168057621451257,0.16434619445558282,0.18008580162975132,0.18291586681520827,0.1850367472284856,0.176088446316057,0.15160007116170549,0.15484122957786095,0.16759991889665482,0.16379935335157286,0.1820197375154755,0.1639720621006539,0.6660997609205888,0.635342559606688,0.6181406278432164,0.6074187279802279,0.5730581749483179,0.6200119702598078,0.6592738616549109,0.6278878930228383,0.6103343033698239,0.5993932164568254,0.5643302330392546,0.6122439015087305,1.621723175048828e-06,4.297637939453125e-05,3.0417243639628092e-06,1.3004740079243977e-06,1.2558698654174805e-06,1.2579560279846192e-06,1.252591609954834e-06,4.618525505065918e-05,4.239916801452637e-05,4.177769025166829e-05,4.2208035786946614e-05,4.2311747868855794e-05
396,7,uniform,2.002261265953356,0.6137968097888622,0.618717994194398,0.6126645632277735,0.603865117105594,0.6136211631415102,0.6201152112750354,0.17508632397042767,0.1798156285009944,0.17404037731134758,0.17649226711493302,0.18100579905751835,0.17728807919104422,0.16319623961998272,0.1715049769793736,0.16357681782818045,0.16460910025606887,0.16553269301051401,0.16568396553882395,0.618717994194398,0.6126645632277735,0.603865117105594,0.6136211631415102,0.6201152112750354,0.6137968097888622,0.6109234727809956,0.6047462919479325,0.5957669593632893,0.6057224475668903,0.6123492530728215,0.6059016849463859,1.6694466272989907e-06,0.0011979032357533775,3.1019250551859536e-06,1.3355414072672526e-06,1.2969970703125e-06,1.2849768002827962e-06,1.3277928034464519e-06,0.0011955161889394125,0.0012096575895945232,0.0011801064014434815,0.0011970921357472737,0.0012071438630421956
397,9,uniform,2.009859556131155,0.6164915221860778,0.5799967743528287,0.6273530823354632,0.6205155685225465,0.6291702131857779,0.6254219725337729,0.18580891668881236,0.17443746961050713,0.18140725108788958,0.17135046053791791,0.17764301818315312,0.178129423221656,0.17475523848207863,0.15999337591781,0.16943249367888796,0.1557671875883053,0.15818937992245657,0.16362753511790767,0.5799967743528287,0.6273530823354632,0.6205155685225465,0.6291702131857779,0.6254219725337729,0.6164915221860778,0.5714106777467536,0.6197350874257963,0.6127577947955798,0.6215893657551634,0.6177645000813117,0.6086514851609209,1.8829305966695148e-06,0.001242780923843384,4.0118892987569175e-06,1.33971373240153e-06,1.3709068298339844e-06,1.3005733489990235e-06,1.3915697733561198e-06,0.0012842535972595215,0.001254179080327352,0.001217864751815796,0.00122101624806722,0.0012365909417470296
398,7,uniform,2.002618110067262,0.6200302612040709,0.6237921365334829,0.6067701518086517,0.6187171284093336,0.6155985430481259,0.6352733462207607,0.16428985019753925,0.17419389174685276,0.18502003146085513,0.18740821071127095,0.1800934713299872,0.17820109108930107,0.15455065420586875,0.1609703303908819,0.16642370786294583,0.16387478346404985,0.16217655254125546,0.16159920569300038,0.6237921365334829,0.6067701518086517,0.6187171284093336,0.6155985430481259,0.6352733462207607,0.6200302612040709,0.6161013454575064,0.5987313814878745,0.6109225892967476,0.6077402509128236,0.6278172647124969,0.6122625663734897,1.382450262705485e-06,0.0011807860533396403,1.513659954071045e-06,1.3899803161621094e-06,1.3494491577148438e-06,1.3647476832071941e-06,1.294414202372233e-06,0.0011931824684143066,0.0011791324615478516,0.001175299088160197,0.0011719882488250733,0.001184327999750773
399,8,distance,2.0,0.6201540695029849,0.6243378890722329,0.614196112944541,0.6111846095261142,0.6508843413877579,0.6001673945842785,0.17752440102120104,0.18419679950692058,0.17918800854104902,0.16936084577833158,0.1745800743901014,0.1769700258475207,0.1563423427092468,0.16776637948040526,0.16369316866072925,0.15513713153093453,0.1719927312323209,0.16298635072272732,0.6243378890722329,0.614196112944541,0.6111846095261142,0.6508843413877579,0.6001673945842785,0.6201540695029849,0.616658254777287,0.6063091510285861,0.6032360836561199,0.6437473943633167,0.5919936445587441,0.6123889056768108,1.4898578325907388e-06,4.380496342976888e-05,2.4190545082092286e-06,1.2647112210591634e-06,1.2529889742533367e-06,1.245737075805664e-06,1.2667973836263021e-06,4.818876584370931e-05,4.280249277750651e-05,4.196524620056152e-05,4.2831897735595704e-05,4.3236414591471354e-05
400,9,distance,2.0,0.6205119376673963,0.6320145691572194,0.6478972153989099,0.6218445747567699,0.6077697184719674,0.5930336105521148,0.17450866087671996,0.17406558605209235,0.1765363771573694,0.18535598510354917,0.17514013128632053,0.1771213480952103,0.1641298712114385,0.1547993709459552,0.16399585139973405,0.16702828865156072,0.1612208555973296,0.1622348475612036,0.6320145691572194,0.6478972153989099,0.6218445747567699,0.6077697184719674,0.5930336105521148,0.6205119376673963,0.6244918686970604,0.6406992027665196,0.6141139698114229,0.599751382222672,0.584714025077882,0.6127540897151114,1.5863776206970214e-06,4.580974578857422e-05,2.6854872703552246e-06,1.3102094332377115e-06,1.371304194132487e-06,1.2865662574768067e-06,1.2783209482828775e-06,4.704078038533529e-05,4.7700007756551106e-05,4.63565190633138e-05,4.410902659098307e-05,4.384239514668782e-05
401,15,distance,3.058680679096785,0.593261520555488,0.5926661026840351,0.58399917488323,0.5901515576731013,0.6011560584655661,0.5983347090715077,0.1868709729916948,0.1906450421421416,0.18827790403248457,0.1827472626624459,0.18376391133139086,0.18646101863203154,0.16363417776281985,0.16889421215661288,0.16352077475620697,0.16837508666520376,0.16000430212320357,0.1648857106928094,0.5926661026840351,0.58399917488323,0.5901515576731013,0.6011560584655661,0.5983347090715077,0.593261520555488,0.5843390042721244,0.5754948990716436,0.5817730545931648,0.593002519626702,0.5901234935840427,0.5849465942295355,1.7070571581522622e-06,0.0011508822441101073,3.2354394594828288e-06,1.358787218729655e-06,1.3201435407002767e-06,1.311798890431722e-06,1.3091166814168295e-06,0.0011642030874888102,0.0011472725868225098,0.0011165217558542888,0.0011754111448923747,0.0011510026454925537
402,9,distance,2.0,0.6220187587702386,0.6400906757341067,0.6230231476369231,0.6121345465874521,0.60414815533872,0.6306972685539912,0.17390328429183735,0.1813800062289674,0.17629479907937137,0.1836322984990435,0.16733667447356504,0.17650941251455693,0.15861199982329113,0.16090735145568988,0.16410945261528806,0.1720283391376852,0.15711569996244476,0.16255456859887982,0.6400906757341067,0.6230231476369231,0.6121345465874521,0.60414815533872,0.6306972685539912,0.6220187587702386,0.6327330745566098,0.6153166361746456,0.6042054402144528,0.5960557837272458,0.6231476386096095,0.6142917146565127,1.6565720240275067e-06,4.579552014668783e-05,2.963244915008545e-06,1.3789534568786622e-06,1.3785560925801595e-06,1.2811024983723958e-06,1.2810031572977702e-06,4.915157953898112e-05,4.7221978505452474e-05,4.397233327229818e-05,4.4819911321004234e-05,4.381179809570312e-05
403,9,distance,2.0,0.6228264808080564,0.6019624528425759,0.600358013111903,0.6136322152045408,0.6512769440432964,0.6469027788379655,0.1848291824882953,0.18118808307894801,0.17652079426423148,0.16853927584428252,0.17340960727455004,0.1768973885900615,0.16366501949877088,0.17042395675453942,0.16454408518919467,0.15263968007230225,0.15693174242756977,0.1616408967884754,0.6019624528425759,0.600358013111903,0.6136322152045408,0.6512769440432964,0.6469027788379655,0.6228264808080564,0.593825399067637,0.5921881598876148,0.6057337255664734,0.6441480229675205,0.639684437008418,0.6151159488995328,1.6354123751322427e-06,4.535539944966634e-05,2.8531750043233235e-06,1.392364501953125e-06,1.3712048530578613e-06,1.2761354446411133e-06,1.2841820716857911e-06,4.691282908121745e-05,4.7262112299601234e-05,4.462162653605143e-05,4.422465960184733e-05,4.375576972961426e-05
404,15,distance,3.050711337124115,0.5900672164613339,0.6441829723442909,0.5999993304292296,0.570625668146634,0.5797358687866261,0.5557922425998887,0.17741637095378163,0.17854113973766345,0.19680613208177622,0.19282128203096305,0.18874370294942353,0.1868657255507216,0.15233669067449843,0.15901536518070333,0.1710887381680669,0.16909413252131889,0.17795892800261293,0.1658987709094401,0.6441829723442909,0.5999993304292296,0.570625668146634,0.5797358687866261,0.5557922425998887,0.5900672164613339,0.6369090297005626,0.5918221446799123,0.5618479986709264,0.5711444385062845,0.5467113344417944,0.581686989199896,1.7280379931131997e-06,0.0011471463044484456,3.393888473510742e-06,1.3475616772969564e-06,1.305838425954183e-06,1.2983878453572592e-06,1.2945135434468587e-06,0.0011469308535257976,0.0011675310134887694,0.0011446722348531088,0.001133267084757487,0.0011433303356170655
405,15,distance,2.7897511461189026,0.6002133511364058,0.599594550552419,0.5838546074848914,0.5986773222678095,0.5993929134578753,0.6195473619190341,0.1840846004734019,0.1841096428557095,0.18812586157130207,0.18670601963698816,0.1710252101391738,0.18281026693531507,0.16971779052365268,0.16683287683479842,0.16429032112622716,0.16227178298534523,0.16472564260479827,0.16556768281496437,0.599594550552419,0.5838546074848914,0.5986773222678095,0.5993929134578753,0.6195473619190341,0.6002133511364058,0.5914090899163525,0.5753473762920782,0.5904731107979861,0.5912033307687687,0.611769795212098,0.5920405405974567,1.6493797302246096e-06,0.0011955752372741699,2.812047799428304e-06,1.408259073893229e-06,1.3747811317443848e-06,1.2946128845214843e-06,1.3571977615356445e-06,0.0011890010039011638,0.001222435235977173,0.0012222119172414143,0.001171396573384603,0.0011728314558664959
406,9,distance,2.0,0.6197091829018478,0.6279270776535535,0.6487944318301024,0.6481411465669856,0.5824797416276195,0.5912035168309782,0.16648793947759258,0.17748722617781854,0.17659096319767628,0.1835140173872459,0.1798202169083594,0.17678007262973855,0.1531928472956023,0.1577750276130521,0.15841532547905066,0.17576263696970262,0.17006805317492374,0.16304277810646628,0.6279270776535535,0.6487944318301024,0.6481411465669856,0.5824797416276195,0.5912035168309782,0.6197091829018478,0.6203208168900827,0.6416147609305474,0.6409481206024266,0.573944404148116,0.5828465188786301,0.6119349242899605,1.542369524637858e-06,4.653318723042806e-05,2.3613373438517253e-06,1.3934572537740072e-06,1.3905763626098632e-06,1.2862682342529296e-06,1.2802084287007649e-06,4.8659245173136394e-05,5.186359087626139e-05,4.49530283610026e-05,4.365046819051107e-05,4.353960355122884e-05
407,15,distance,2.6635808979828166,0.6011954343955195,0.5769138888753662,0.6128527906052077,0.5863944106485302,0.632111062404247,0.5977050194442466,0.189708103909934,0.17840972683919637,0.1845159573744036,0.18236478459348335,0.18350429955291486,0.18370057445398644,0.16798518822037817,0.16257984331865344,0.17262748399089345,0.15550910717086655,0.1625587334931802,0.16425207123879434,0.5769138888753662,0.6128527906052077,0.5863944106485302,0.632111062404247,0.5977050194442466,0.6011954343955195,0.5682647690568048,0.6049383672444963,0.5779391004743945,0.6245903345487971,0.5894809312557133,0.5930427005160412,1.6842484474182128e-06,0.0012031098206837971,3.1644105911254885e-06,1.3230244318644205e-06,1.2986858685811361e-06,1.3560056686401367e-06,1.2791156768798829e-06,0.0012116297086079916,0.0011732137203216552,0.0012104121843973796,0.0012101252873738606,0.001210168202718099
408,9,distance,2.0,0.6140916142250123,0.6040022804795349,0.588120223900004,0.6445321420829502,0.6253376096912526,0.6084658149713199,0.17874902573366172,0.19799289732419154,0.1662096968194179,0.1767598192867078,0.17745006175654973,0.17943230018410575,0.16920031943416616,0.17030007322806515,0.15306975859086244,0.1603335608079294,0.16355665238062678,0.16329207288832998,0.6040022804795349,0.588120223900004,0.6445321420829502,0.6253376096912526,0.6084658149713199,0.6140916142250123,0.5959069267585032,0.5797001944056259,0.6372653374918009,0.6176784126150943,0.6004617089741408,0.6062025160490331,1.5937685966491698e-06,4.595335324605306e-05,2.705852190653483e-06,1.3973315556844074e-06,1.2939174969991047e-06,1.2873609860738118e-06,1.2843807538350422e-06,5.090792973836263e-05,4.611055056254069e-05,4.401326179504394e-05,4.4689178466796874e-05,4.404584566752116e-05
409,9,distance,2.0,0.6239614692406181,0.6396712530548221,0.6270472775924686,0.6179811060382203,0.6446912393335434,0.590416470184036,0.17101579166746847,0.17649338765952308,0.17370517525204396,0.17837813333127395,0.18348435412035322,0.17661536840613254,0.15471115888753856,0.15787979206158795,0.1655304204776013,0.16009561517736645,0.16868189997169172,0.16137977731515718,0.6396712530548221,0.6270472775924686,0.6179811060382203,0.6446912393335434,0.590416470184036,0.6239614692406181,0.6323050776487877,0.6194230311378002,0.6101715204717104,0.6374276871563757,0.5820433826920572,0.6162741398213463,1.5235940615336099e-06,4.4963916142781574e-05,2.5079647699991863e-06,1.3756752014160155e-06,1.2464324633280435e-06,1.2445449829101562e-06,1.2433528900146484e-06,5.14833132425944e-05,4.5415163040161136e-05,4.2160352071126304e-05,4.270633061726888e-05,4.3054421742757164e-05
410,15,distance,2.627707747031968,0.5986074182715463,0.5867462681725283,0.5789059568440675,0.6096417450865406,0.5976017703762457,0.6201413508783493,0.18918166766271743,0.1812901283722177,0.17912006023023844,0.19308187415273073,0.1786963016204311,0.18427400640766706,0.17487534316099262,0.17166433398776645,0.15798464596911613,0.16298462429868293,0.15727043722609588,0.1649558769285308,0.5867462681725283,0.5789059568440675,0.6096417450865406,0.5976017703762457,0.6201413508783493,0.5986074182715463,0.5782981509971796,0.5702975607318508,0.601661678546572,0.5893755714742269,0.6123759270462201,0.5904017777592099,1.5547474225362144e-06,0.0012218152681986488,2.5783975919087728e-06,1.3272960980733236e-06,1.2885530789693196e-06,1.2866655985514323e-06,1.2928247451782227e-06,0.0012330456574757894,0.0012157622973124186,0.0012245027224222819,0.0012170990308125814,0.001218666632970174
411,14,distance,2.595096570178665,0.6005243185772097,0.5725423839376422,0.6178931152448734,0.5853905263175431,0.6120307481066655,0.6147648192793238,0.19296436940025624,0.18652683624620092,0.18276409603874433,0.1789804851326048,0.17487741843013188,0.18322264104958763,0.17135719205579142,0.16785154139873623,0.16821681575942807,0.16044188928295858,0.15758648774676823,0.1650907852487365,0.5725423839376422,0.6178931152448734,0.5853905263175431,0.6120307481066655,0.6147648192793238,0.6005243185772097,0.5638038977489739,0.610081730888721,0.576914693806147,0.6040995197885735,0.6068894833872487,0.5923578651239327,1.6299883524576821e-06,0.0012120168209075926,2.9053290685017903e-06,1.3435880343119304e-06,1.3085206349690755e-06,1.296401023864746e-06,1.2961030006408692e-06,0.0012068426609039306,0.0012278354167938232,0.0012001510461171468,0.0011880679925282795,0.0012371869881947835
412,15,distance,2.593839909224208,0.6016365555457515,0.5971645672429222,0.6083421630787387,0.6410064371630781,0.5804194975885533,0.5812501126554649,0.19282278756949325,0.18337085293807584,0.17030267502242993,0.19099796780494413,0.18420821974423313,0.18434050061583526,0.1657176239922032,0.1587264600613929,0.1587362642156294,0.1656146845417879,0.16892370550983982,0.16354374766417065,0.5971645672429222,0.6083421630787387,0.6410064371630781,0.5804194975885533,0.5812501126554649,0.6016365555457515,0.588929430627786,0.6003355292745561,0.6336675568325107,0.5718420426840602,0.5726896379567691,0.5934928394751364,1.5824635823567708e-06,0.0012225809892018637,2.6761492093404134e-06,1.3430913289388022e-06,1.3033548990885417e-06,1.2939174969991047e-06,1.295804977416992e-06,0.001237024466196696,0.0012141239643096923,0.0012410370508829753,0.0011896999677022298,0.0012310194969177247
413,14,distance,2.5557144954146933,0.6057434410185688,0.5344157324838397,0.5970719820357062,0.6338828644033813,0.6240634686943247,0.6392831574755921,0.1945205406135769,0.18001019818072328,0.17796125884314146,0.17887423502498492,0.17973200988722818,0.18221964850993094,0.17753020374198317,0.16083255515026335,0.15775421043830987,0.1645922728807395,0.15588912141798075,0.16331967272585532,0.5344157324838397,0.5970719820357062,0.6338828644033813,0.6240634686943247,0.6392831574755921,0.6057434410185688,0.5248978258225212,0.5888349527076457,0.6263983573724452,0.6163782244427607,0.6319090482587387,0.5976836817208223,1.7061233520507814e-06,0.0012106153170267741,3.3255418141682945e-06,1.3333559036254883e-06,1.2942155202229819e-06,1.2895464897155763e-06,1.2879570325215658e-06,0.0012113861242930095,0.0012073083718617758,0.0012216818332672118,0.0012034098307291666,0.0012092904249827068
414,15,distance,2.564419242482427,0.603292607306248,0.6073489699362484,0.6245361470288726,0.5738387235638114,0.6010781043602774,0.6096610916420304,0.1818724814002279,0.18480965976751937,0.18161387070648616,0.1908649989702352,0.18039636142783824,0.18391147445446138,0.165277822622407,0.1603270826020981,0.16750157729790094,0.15950900461028528,0.16291997436866107,0.16310709230027048,0.6073489699362484,0.6245361470288726,0.5738387235638114,0.6010781043602774,0.6096610916420304,0.603292607306248,0.5993220323540251,0.6168605657074867,0.5651267383555758,0.5929229719110838,0.6016814206023444,0.5951827457861031,1.623074213663737e-06,0.0012348441282908121,2.8098622957865397e-06,1.3398130734761555e-06,1.3688206672668457e-06,1.2997786204020183e-06,1.2970964113871257e-06,0.0012075662612915038,0.0012517869472503662,0.001231325070063273,0.0012292714913686117,0.001254270871480306
415,15,distance,2.515461587069585,0.6112632686324667,0.6282129171897066,0.6179732401475706,0.5929279779298988,0.6392015802109715,0.5780006276841857,0.17331341171915207,0.17979407155115165,0.19542173202317334,0.1719404454782562,0.1879866535302989,0.18169126286040643,0.15941087000978194,0.15803283835224713,0.16601456542583387,0.15555708228033926,0.170615056700133,0.16192608255366703,0.6282129171897066,0.6179732401475706,0.5929279779298988,0.6392015802109715,0.5780006276841857,0.6112632686324667,0.6206124998239084,0.6101634937792075,0.5846062330153482,0.6318258033157955,0.5693737239911878,0.6033163507850894,1.584311326344808e-06,0.001237366278966268,2.62528657913208e-06,1.399517059326172e-06,1.304447650909424e-06,1.2984871864318848e-06,1.2938181559244792e-06,0.0012231890360514322,0.0012488186359405518,0.0012540217240651448,0.001253811518351237,0.0012069904804229736
416,15,distance,2.515471319649162,0.6082353365537878,0.6136344390990607,0.605538340077985,0.5908407254065839,0.6127881583617558,0.618375019823554,0.18013121586067357,0.18606596896244124,0.18547575987249107,0.18703609223398415,0.17134483214994495,0.182010773815907,0.1616867802071481,0.16132567756527366,0.16324665783889195,0.16442867690080293,0.16474626541878132,0.1630868115861796,0.6136344390990607,0.605538340077985,0.5908407254065839,0.6127881583617558,0.618375019823554,0.6082353365537878,0.6057359949239137,0.5974743879160358,0.5824763109344868,0.604872413728606,0.610573487009044,0.6002265189024172,1.7210046450297039e-06,0.0012335859934488932,3.383457660675049e-06,1.3527274131774903e-06,1.2997786204020183e-06,1.2824932734171549e-06,1.2865662574768067e-06,0.0012234278519948323,0.0012230809529622396,0.0012447933355967204,0.0012166170279184977,0.001260010798772176
417,15,distance,2.515331099101172,0.6061446416585501,0.6090852631096308,0.5948740577450502,0.6195039399736928,0.5994779086054163,0.6077820388589598,0.17894385299915883,0.18760326956641762,0.17613130032550678,0.1915609686842261,0.182479035777726,0.18334368547060706,0.15930764605710546,0.17154866113206937,0.16152135427751615,0.16553736720624562,0.1552366673939321,0.16263033921337372,0.6090852631096308,0.5948740577450502,0.6195039399736928,0.5994779086054163,0.6077820388589598,0.6061446416585501,0.6010938204474767,0.5865920964042335,0.6117254855949608,0.5912900634661744,0.5997639544744751,0.598093084077464,1.6756653785705566e-06,0.0012416582902272544,2.953807512919108e-06,1.408259073893229e-06,1.362462838490804e-06,1.296699047088623e-06,1.357098420461019e-06,0.0012221455574035645,0.001242754062016805,0.0012388821442921956,0.0012427961826324463,0.0012617135047912598
418,15,distance,2.515120804172789,0.6052598216202371,0.6082858409780882,0.6205813689226711,0.5956457326126513,0.592140694616875,0.6096454709708996,0.17717282073482538,0.18000029279400487,0.18540700631390522,0.1877268867273615,0.18609058881162438,0.18327951907634427,0.16219353044120838,0.15900194296220652,0.16640904348595065,0.16748586572970628,0.16048749287061634,0.16311557509793764,0.6082858409780882,0.6205813689226711,0.5956457326126513,0.592140694616875,0.6096454709708996,0.6052598216202371,0.600278055785136,0.6128249403486883,0.587379546567254,0.5838028553245453,0.6016654805989248,0.5971901757249097,1.3790527979532878e-06,0.001244748036066691,1.4932950337727865e-06,1.3949473698933919e-06,1.3622641563415528e-06,1.288453737894694e-06,1.3563036918640136e-06,0.0012462997436523437,0.001237400770187378,0.0012345937887827555,0.0012492183844248453,0.0012562274932861328
419,15,distance,2.514930788714107,0.6090568953164668,0.6165133762157433,0.6216996267043755,0.5916553027853839,0.6259382458766483,0.5894779250001826,0.18137997573403364,0.1862902881629659,0.18733495898512337,0.1800854819548852,0.18073020828245193,0.183164182623892,0.16352256909299348,0.16130107435396548,0.16760086996140847,0.15423620138767363,0.1598714962962573,0.16130644221845966,0.6165133762157433,0.6216996267043755,0.5916553027853839,0.6259382458766483,0.5894779250001826,0.6090568953164668,0.6086737859509885,0.6139660585961174,0.5833075406617461,0.6182913275640755,0.5810856508945645,0.6010648727334985,1.6903082529703775e-06,0.001238865852355957,3.132323424021403e-06,1.4123320579528809e-06,1.3011693954467772e-06,1.312394936879476e-06,1.293321450551351e-06,0.0012472200393676758,0.001254597504933675,0.0012357898553212484,0.0012269028027852376,0.0012298190593719482
420,13,uniform,2.012289406315528,0.6181151781465328,0.636760314101593,0.6271713275511357,0.5654194530266818,0.6251634387598537,0.6360613572934002,0.1751873848679146,0.17355006392940783,0.1971003962386438,0.1736924542747334,0.17669384705476956,0.17924482927309382,0.1543036263677216,0.1660288343884131,0.1757773867019806,0.15355738426765494,0.15789206873554118,0.1615118600922623,0.636760314101593,0.6271713275511357,0.5654194530266818,0.6251634387598537,0.6360613572934002,0.6181151781465328,0.6293346305738572,0.6195496170411078,0.5565353532589139,0.61750068111951,0.6286213850404543,0.6103083334067685,1.3884703318277993e-06,0.0013334004878997802,1.5549858411153158e-06,1.3521313667297363e-06,1.3878941535949707e-06,1.340508460998535e-06,1.3068318367004395e-06,0.0013273632526397705,0.0013390203317006429,0.0013252715269724527,0.0013338069121042887,0.0013415404160817463
421,9,distance,2.0,0.6275123205049199,0.6488793100186339,0.5944486970593403,0.6007612922833111,0.6367717964271681,0.6567005067361457,0.16775996332083237,0.18091755090834188,0.18663661495556744,0.1755255380009571,0.16515603428390607,0.17519914029392095,0.1547533846410281,0.17279596609376263,0.1682248571976875,0.15990902013233768,0.1514336630066652,0.16142337821429623,0.6488793100186339,0.5944486970593403,0.6007612922833111,0.6367717964271681,0.6567005067361457,0.6275123205049199,0.6417013742779585,0.5861580400997357,0.5925996832669562,0.629346347631812,0.6496824591736818,0.6198975808900288,1.3947089513142902e-06,4.4293324152628585e-05,1.5538930892944336e-06,1.3839205106099447e-06,1.3725956281026204e-06,1.3284881909688314e-06,1.3346473375956217e-06,4.516243934631348e-05,4.3378671010335285e-05,4.273136456807454e-05,4.373669624328613e-05,4.645744959513346e-05
422,9,distance,2.0,0.6229273159073541,0.6328795950519251,0.5895617273822253,0.6104982554654145,0.6389488821045481,0.6427481195326572,0.17609362821884592,0.18457982242335502,0.1809726988008671,0.179079420085605,0.1698984727846772,0.17812480846267004,0.15862777444619164,0.16858535220702078,0.16605947906090593,0.1610349212601495,0.14686134567941522,0.16023377453073662,0.6328795950519251,0.5895617273822253,0.6104982554654145,0.6389488821045481,0.6427481195326572,0.6229273159073541,0.6253745782557123,0.58117116644285,0.6025356985072969,0.6315679393196325,0.6354448442931204,0.6152188453637224,1.6577442487080893e-06,4.3839613596598314e-05,3.050565719604492e-06,1.3059377670288086e-06,1.343687375386556e-06,1.287062962849935e-06,1.3014674186706543e-06,4.736860593159994e-05,4.334330558776855e-05,4.19310728708903e-05,4.3261845906575524e-05,4.329323768615723e-05
423,9,distance,2.0,0.620943298900239,0.5659204842826031,0.5999164962939281,0.6674155510107733,0.6246526076208676,0.6468113552930228,0.18866625093276504,0.18097869867918775,0.16642141113640505,0.17920154203067754,0.17031546594266675,0.17711667374434042,0.16505166049372655,0.16742813893364697,0.15445195782447393,0.16885375854181675,0.15442576445908435,0.16204225605054973,0.5659204842826031,0.5999164962939281,0.6674155510107733,0.6246526076208676,0.6468113552930228,0.620943298900239,0.5570466270618045,0.5917376171721684,0.6606165503500054,0.6169794070952295,0.6395911444983315,0.6131942692355079,1.362423102060954e-06,4.3565750122070315e-05,1.5499194463094076e-06,1.3198455174763998e-06,1.352230707804362e-06,1.2829899787902831e-06,1.3071298599243164e-06,4.337549209594727e-05,4.3720006942749023e-05,4.4875144958496093e-05,4.296382268269857e-05,4.289428393046061e-05
424,13,uniform,2.010626052700318,0.60761293371333,0.6233187179740183,0.6073451452373141,0.6184163926804472,0.6156736413186177,0.5733107713562526,0.17417080540516983,0.17613828599836034,0.18729925421838867,0.17598555160759513,0.1956109832375869,0.18184097609342018,0.15796441667177102,0.16753175625908612,0.16061663344748606,0.1529531948957268,0.17478141161374675,0.16276948257756335,0.6233187179740183,0.6073451452373141,0.6184163926804472,0.6156736413186177,0.5733107713562526,0.60761293371333,0.6156182488354973,0.5993181294670378,0.610615705648361,0.6078168844120135,0.5645879932579136,0.5995913923241647,1.4036297798156738e-06,0.0013286608854929606,1.5943249066670737e-06,1.360177993774414e-06,1.376966635386149e-06,1.3532241185506185e-06,1.333455244700114e-06,0.0013453861077626546,0.0013448858261108398,0.0013010295232137043,0.0013205254077911378,0.0013314775625864665
425,9,distance,2.0,0.6207441043375209,0.5831694912066694,0.6225895734267819,0.6331187521604181,0.6214676028976585,0.6433751019960767,0.1856452085131113,0.18521524918305823,0.16737246051900545,0.17417773587480143,0.17350490488898607,0.17718311179579252,0.17424480022545036,0.16495112640646234,0.1553284885670115,0.1634886564498626,0.15405535178276383,0.16241368468631015,0.5831694912066694,0.6225895734267819,0.6331187521604181,0.6214676028976585,0.6433751019960767,0.6207441043375209,0.5746482542296336,0.6148741984372101,0.62561862443627,0.6137292915429258,0.636084644115247,0.6129910025522574,1.3826489448547363e-06,4.392266273498535e-05,1.5377998352050782e-06,1.430511474609375e-06,1.2934207916259765e-06,1.3195474942525227e-06,1.3319651285807292e-06,4.385590553283691e-05,4.405935605367025e-05,4.329363505045573e-05,4.4119755427042646e-05,4.4284661610921225e-05
426,13,uniform,2.023990944220037,0.6085693206946367,0.5776138210365989,0.6509057126432733,0.6433482503792949,0.5733439537763055,0.5976348656377108,0.18580153812009548,0.17174050561245086,0.1769190486943629,0.189268192687949,0.1852000520857359,0.18178586744011882,0.16905199752084846,0.14560790527551187,0.15448066811448224,0.175712056231519,0.1703795776568463,0.16304644095984158,0.5776138210365989,0.6509057126432733,0.6433482503792949,0.5733439537763055,0.5976348656377108,0.6085693206946367,0.5689790098823215,0.6437692025099161,0.6360572435727387,0.5646218540238621,0.5894093432998105,0.6005673306577298,1.3880729675292969e-06,0.0013353872299194335,1.5460451443990071e-06,1.3483564058939616e-06,1.3949473698933919e-06,1.3438860575358073e-06,1.3071298599243164e-06,0.0013606353600819905,0.001347587505976359,0.0013366933663686116,0.0012832840283711752,0.0013487358887990315
427,13,uniform,2.0015256337528964,0.6110435846143635,0.6044237794798881,0.5968974959253333,0.6333896048515045,0.6043082040357225,0.616198838779369,0.1800958236876196,0.19011154362031368,0.17829279614345106,0.18103725960620107,0.17677472124722948,0.18126242886096297,0.16254396104043567,0.1720543288831587,0.1557610658678482,0.16470510078617986,0.15744400552876803,0.16250169242127807,0.6044237794798881,0.5968974959253333,0.6333896048515045,0.6043082040357225,0.616198838779369,0.6110435846143635,0.5963370424334804,0.5886568995899057,0.6258950141500021,0.5962191042885823,0.6083528184477718,0.6030921757819485,1.4160474141438801e-06,0.0013358454704284668,1.5851855278015136e-06,1.3652443885803223e-06,1.4545520146687825e-06,1.36186679204305e-06,1.3133883476257324e-06,0.0013369162877400716,0.0013280212879180908,0.001317470868428548,0.0013472052415211995,0.0013496136665344237
428,10,uniform,2.001572803381533,0.6156116455689457,0.6303868945451824,0.6235594380040217,0.6230924850705939,0.5914853327212497,0.6095340775036808,0.16982757364012366,0.1796099550481786,0.18180549947957356,0.1896748081713277,0.17717678531842196,0.1796189243315251,0.1538810139787638,0.16663189866049927,0.16757803736701785,0.16319146393673994,0.16025366970033036,0.16230721672867027,0.6303868945451824,0.6235594380040217,0.6230924850705939,0.5914853327212497,0.6095340775036808,0.6156116455689457,0.6228309196466171,0.6158638898882607,0.6153873910686298,0.5831340959114626,0.6015518099228361,0.6077536212875613,1.4182130495707194e-06,0.0012820948759714762,1.5766421953837078e-06,1.3760725657145182e-06,1.458426316579183e-06,1.3679265975952148e-06,1.3119975725809733e-06,0.0012657384077707926,0.0013373772303263347,0.00127144455909729,0.0012636987368265789,0.001272215445836385
429,12,uniform,2.0085713312819573,0.6119703390802829,0.6042298296536521,0.604938347226902,0.6158585309389111,0.6024010543125209,0.6324239332694281,0.1866687657433193,0.18201754373572768,0.1730768489651043,0.18071605211192757,0.17800811400006572,0.18009746491122894,0.1659599102543907,0.16630536281554184,0.1629463293457305,0.16382095496548627,0.15746296064766932,0.16329910360576372,0.6042298296536521,0.604938347226902,0.6158585309389111,0.6024010543125209,0.6324239332694281,0.6119703390802829,0.5961391277044934,0.5968621294530057,0.6080055537179008,0.5942729668367972,0.6249096014112223,0.6040378758246839,1.3897220293680826e-06,0.0013111402988433838,1.5376011530558268e-06,1.3872981071472167e-06,1.3958414395650228e-06,1.3353427251180012e-06,1.2925267219543456e-06,0.001325829823811849,0.001334166924158732,0.0013036561012268067,0.0012858812014261882,0.001306167443593343
430,9,distance,2.0,0.6160508854594068,0.6506575242497874,0.5958832329892179,0.6125295469638258,0.5979822195986553,0.6232019034955476,0.17287704244415947,0.18697002304782556,0.17634044601511673,0.18504943632237641,0.17242581011943198,0.17873255158978205,0.1504337697973479,0.171503179958435,0.1624938378605335,0.17035378678913404,0.15999460814612365,0.1629558365103148,0.6506575242497874,0.5958832329892179,0.6125295469638258,0.5979822195986553,0.6232019034955476,0.6160508854594068,0.6435159404184372,0.5876219021474302,0.6046085155559313,0.5897637981935171,0.6154990463268024,0.6082018405284236,1.408537228902181e-06,4.4579188028971355e-05,1.546343167622884e-06,1.4526645342508952e-06,1.3628602027893065e-06,1.35958194732666e-06,1.321236292521159e-06,4.5842727025349936e-05,4.6587387720743816e-05,4.370570182800293e-05,4.366596539815267e-05,4.309415817260742e-05
431,13,uniform,2.019870649823707,0.6110741473935206,0.649670617792948,0.5720794083354843,0.6245161141597171,0.616459066135723,0.5926455305437308,0.1716651293349745,0.18817899424720555,0.17981593388324854,0.17722013921990987,0.18943008299083355,0.1812620559352344,0.14727335011448595,0.17279278215015223,0.15263265903133683,0.16064638966881825,0.17839412340443003,0.16234786087384467,0.649670617792948,0.5720794083354843,0.6245161141597171,0.616459066135723,0.5926455305437308,0.6110741473935206,0.6425088587018328,0.5633314575689183,0.6168401233077863,0.6086183656137957,0.5843180115769928,0.6031233633538652,1.4503399531046548e-06,0.001307245095570882,1.5735626220703124e-06,1.350839932759603e-06,1.6216437021891276e-06,1.3279914855957032e-06,1.3776620229085286e-06,0.0013400367895762125,0.00130783478418986,0.00132377028465271,0.0012927007675170897,0.0012718828519185383
432,12,uniform,2.010580176557168,0.6132180869632882,0.6462654085750044,0.576005810022183,0.616684061670312,0.6191080579401581,0.6080270966087831,0.17594101979874857,0.18381182862981332,0.17630436367778377,0.18604605416191897,0.18132616852112762,0.18068588695787846,0.1504056619152426,0.17396975205509102,0.15744121336975422,0.15910599412576282,0.16820619066350648,0.16182576242587146,0.6462654085750044,0.576005810022183,0.616684061670312,0.6191080579401581,0.6080270966087831,0.6132180869632882,0.6390340370296892,0.5673381264110522,0.608847960716383,0.6113215105726656,0.6000140219227617,0.6053111313305103,1.3849735260009764e-06,0.0012875458399454753,1.5535950660705567e-06,1.3541181882222494e-06,1.3893842697143554e-06,1.3042489687601726e-06,1.3235211372375487e-06,0.0013276358445485433,0.0012807591756184896,0.0012979920705159505,0.0012891157468159994,0.0012422263622283935
433,12,uniform,2.015421841969066,0.618888798534843,0.5985679585377675,0.6310219552761636,0.633327151367038,0.6112435069675048,0.6202834205257409,0.1816273641693946,0.17873212747257952,0.17917038130556467,0.18013519615610202,0.1766496397474937,0.1792629417702269,0.1629486802863797,0.1587131439502686,0.1592113833207175,0.16280509790593384,0.16182055039618778,0.1610997711718975,0.5985679585377675,0.6310219552761636,0.633327151367038,0.6112435069675048,0.6202834205257409,0.618888798534843,0.5903615113528495,0.6234789628797648,0.6258312839333147,0.6032961851337911,0.6125209010134903,0.6110977688626421,1.3833045959472657e-06,0.0012854883670806888,1.5482306480407716e-06,1.345972220102946e-06,1.3437867164611817e-06,1.3616681098937988e-06,1.3168652852376302e-06,0.0013287150859832763,0.001320563554763794,0.0012922159830729167,0.0012684444586435954,0.00121750275293986
434,12,uniform,2.0257251579065327,0.6110755641822392,0.6466918926936349,0.5976282560353228,0.6215356505011977,0.5853433848810414,0.6041786367999988,0.1739701053645065,0.1846082693912067,0.1885208013935191,0.18111522521504575,0.17949480185085334,0.18154184064302628,0.15336479268515907,0.16508225471488552,0.1638822009480679,0.1662375285876103,0.1614741720215506,0.16200818979145468,0.6466918926936349,0.5976282560353228,0.6215356505011977,0.5853433848810414,0.6041786367999988,0.6110755641822392,0.6394692397333686,0.5894025985777824,0.6137987302388712,0.5768665886605517,0.5960868883189085,0.6031248091058965,1.3511776924133301e-06,0.001301739454269409,1.3736883799235026e-06,1.336336135864258e-06,1.3953447341918945e-06,1.3412038485209146e-06,1.3093153635660806e-06,0.0012994285424550375,0.0013093312581380209,0.001302573283513387,0.0013029507795969644,0.001294413407643636
435,12,uniform,2.007886153377373,0.6145854881347302,0.6155246330612201,0.5896182574436764,0.6425948520301601,0.6190982599267693,0.6060914382118259,0.17753276086698003,0.18306704957076092,0.17781493853732633,0.1801510089816029,0.18442068509400814,0.18059728861013566,0.15991004393737848,0.16981542515851014,0.15408280897986298,0.1590298460396589,0.1647175698938675,0.1615111388018556,0.6155246330612201,0.5896182574436764,0.6425948520301601,0.6190982599267693,0.6060914382118259,0.6145854881347302,0.6076648299892178,0.5812288521443989,0.6352884435537749,0.6113115122591734,0.5980387929963946,0.6067064861885919,1.360793908437093e-06,0.0013080933094024659,1.4077623685201008e-06,1.4060735702514648e-06,1.3544162114461263e-06,1.3386209805806477e-06,1.2970964113871257e-06,0.001344079573949178,0.0013377539316813151,0.0013020984331766764,0.0012842369079589843,0.0012722977002461752
436,12,uniform,2.023472099093347,0.6136194539799332,0.6214856031330627,0.5405366049913645,0.6212679249775441,0.6450317714640628,0.639775365333632,0.18339901739050404,0.20069192671998015,0.17627124975517292,0.17165987855533235,0.1673756019062098,0.17987953486543987,0.16113399632010753,0.17912013803591523,0.1598249199141198,0.1528724891296648,0.1600761599268455,0.16260554066533056,0.6214856031330627,0.5405366049913645,0.6212679249775441,0.6450317714640628,0.639775365333632,0.6136194539799332,0.6137476597558851,0.5311438268991947,0.6135255316210373,0.6377751807614542,0.6324113182876415,0.6057207034650426,1.3736883799235028e-06,0.0012973783810933432,1.3808409372965495e-06,1.435081164042155e-06,1.3500452041625976e-06,1.392066478729248e-06,1.3104081153869629e-06,0.0012918869654337565,0.001285914977391561,0.0013085329532623292,0.0013099447886149088,0.0012906122207641602
437,12,uniform,2.002067290524142,0.6081696590541875,0.6103615503377398,0.6040039834333937,0.6204093761954205,0.5786257644676638,0.6274476208367196,0.17812200650539411,0.1809092139216324,0.18017481873945343,0.1866624532168387,0.18007724553330762,0.18118914758332524,0.16615819004953566,0.16226209582526616,0.16129621697350846,0.1693253988553815,0.15981280431876033,0.1637709412044904,0.6103615503377398,0.6040039834333937,0.6204093761954205,0.5786257644676638,0.6274476208367196,0.6081696590541875,0.6023961987262455,0.5959086645257288,0.6126494315861275,0.5700116404022668,0.6198315585710307,0.6001594987622798,1.4226833979288737e-06,0.0013116284211476645,1.3754765192667644e-06,1.5881657600402832e-06,1.4861424763997396e-06,1.3410051663716635e-06,1.322627067565918e-06,0.0013523594538370769,0.001285163164138794,0.0013154117266337077,0.0012992473443349203,0.0013059604167938233
438,12,uniform,2.0,0.6118415063229795,0.6104118698372578,0.6210903450528789,0.6145286579299105,0.6014282127907447,0.6117484460041063,0.191627108498412,0.18158876874173316,0.17280853347714709,0.17525480998389528,0.18187702606165387,0.1806312493525683,0.1643181406272695,0.16727921109941507,0.15617605032599308,0.16216208586940783,0.1635102784975006,0.16268915328391725,0.6104118698372578,0.6210903450528789,0.6145286579299105,0.6014282127907447,0.6117484460041063,0.6118415063229795,0.6024475469037776,0.6133443214423755,0.6066484942078644,0.5932802375837412,0.6038114466038496,0.6039064093483215,1.3372699419657391e-06,4.525009791056315e-05,1.5277663866678874e-06,1.2883543968200683e-06,1.2937188148498534e-06,1.2971957524617512e-06,1.2793143590291342e-06,4.5771598815917966e-05,4.5230786005655926e-05,4.50440247853597e-05,4.5988957087198896e-05,4.4215122858683265e-05
439,12,uniform,2.00283391138609,0.61070337027251,0.6290939562112734,0.6190724140624295,0.6128065153803604,0.6080084396405263,0.5845355260679601,0.18296962098095326,0.18095134378308747,0.17142580335022253,0.17948296704306455,0.18764118159739185,0.18049418335094394,0.1553874313265423,0.16914781730379025,0.16448912171270158,0.1623631073710452,0.16578160643876544,0.16343381683056896,0.6290939562112734,0.6190724140624295,0.6128065153803604,0.6080084396405263,0.5845355260679601,0.61070337027251,0.6215115498646555,0.6112851380296342,0.6048911460184597,0.5999949835514059,0.5760422148461808,0.6027450064620672,1.4162262280782063e-06,0.0012692751884460448,1.5282630920410157e-06,1.302162806193034e-06,1.3352433840433757e-06,1.4231602350870767e-06,1.4923016230265299e-06,0.0012778155008951824,0.001313085953394572,0.0013349282741546631,0.0012560613950093587,0.0011644848187764485
440,7,distance,3.639148310967092,0.5842965078416762,0.5397928479239078,0.6043446005584732,0.587014715457948,0.6042929111654783,0.5860374641025736,0.19587308266618486,0.17597504952717397,0.18494157360980773,0.19042111271193068,0.18225957555447958,0.18589407881391534,0.17934021879360632,0.15638695567698307,0.1691670487963404,0.17000037509348562,0.17299967483133602,0.1695788546383503,0.5397928479239078,0.6043446005584732,0.587014715457948,0.6042929111654783,0.5860374641025736,0.5842965078416762,0.530384865257957,0.5962562448629053,0.5785720861317051,0.5962034987872598,0.5775748568951304,0.5757983103869915,1.3758341471354165e-06,0.0009049895604451498,1.5963117281595866e-06,1.3440847396850586e-06,1.347362995147705e-06,1.289347807566325e-06,1.3020634651184081e-06,0.0009064825375874838,0.0009167301654815674,0.0009088257948557536,0.0008866298198699951,0.0009062794844309489
441,7,distance,2.006236063848303,0.619821957286558,0.5875279613526656,0.6398687103395251,0.647218027596592,0.6180925762604261,0.6064025108835814,0.17310164047250307,0.1816252247666093,0.1739903109933642,0.17457880417407792,0.17774337824230102,0.1762078717297711,0.1727848025201526,0.16646499593915892,0.15270425584452732,0.1588608169602393,0.16575538573545823,0.1633140513999073,0.5875279613526656,0.6398687103395251,0.647218027596592,0.6180925762604261,0.6064025108835814,0.619821957286558,0.5790958242763998,0.6325065715389703,0.6400061303753979,0.6102852694718829,0.5983562249050516,0.6120500041135404,1.4110207557678224e-06,0.0011924785772959392,1.6115109125773111e-06,1.3649463653564452e-06,1.399517059326172e-06,1.314083735148112e-06,1.365045706431071e-06,0.001184697945912679,0.0011987519264221192,0.0011753257115681966,0.001207734743754069,0.001195882558822632
442,8,distance,2.0,0.628630163672628,0.6579747393388271,0.6445009178110611,0.5868861323529988,0.6211744922722723,0.6326145365879807,0.17573027868478333,0.17376050900839984,0.18096448818588248,0.1780520260737708,0.16868654452938872,0.17543876929644503,0.15181108798013318,0.16128824746489756,0.17296645970957114,0.1594067119224289,0.15704510873752475,0.1605035231629111,0.6579747393388271,0.6445009178110611,0.5868861323529988,0.6211744922722723,0.6326145365879807,0.628630163672628,0.6509827408244591,0.6372334749043025,0.5784408744113225,0.6134301888774976,0.6251041012201031,0.6210382760475369,1.3273954391479492e-06,4.263146718343099e-05,1.5532970428466796e-06,1.3050436973571777e-06,1.259148120880127e-06,1.2626250584920248e-06,1.256863276163737e-06,4.375576972961426e-05,4.233837127685547e-05,4.2906999588012696e-05,4.236419995625814e-05,4.1791995366414386e-05
443,6,distance,2.007510190784508,0.6147106748775366,0.6270472926901365,0.6410582102418863,0.5934846676752084,0.5852305514150739,0.6267326523653785,0.16262138979395993,0.17616504695210114,0.18805034430394818,0.18352002583134852,0.18124494172953468,0.17832034972217847,0.15204097387898113,0.15996105921770593,0.17773500827223238,0.17059834549467673,0.15956931459618498,0.16398094029195623,0.6270472926901365,0.6410582102418863,0.5934846676752084,0.5852305514150739,0.6267326523653785,0.6147106748775366,0.6194230465441086,0.6337203883047527,0.5851743031302381,0.5767514485479204,0.6191019740491681,0.6068342321152376,1.3806621233622234e-06,0.0011571419239044189,1.5931328137715657e-06,1.3478597005208333e-06,1.3594826062520345e-06,1.3034542401631673e-06,1.2993812561035157e-06,0.001134819984436035,0.0011584266026814778,0.0011777726809183756,0.0011645980676015218,0.0011500922838846843
444,8,distance,2.0,0.6205531687828874,0.6111282962935021,0.6221098952596338,0.6205699250222814,0.613449220378729,0.6355085069602904,0.17613671754562665,0.1813639373512487,0.18086027965655646,0.173849405765165,0.17695332338973147,0.17783273274166567,0.15899439696391215,0.15488298798432487,0.16887125368658185,0.15963631822258584,0.16507045870251874,0.16149108311198468,0.6111282962935021,0.6221098952596338,0.6205699250222814,0.613449220378729,0.6355085069602904,0.6205531687828874,0.6031786192160269,0.614384714242795,0.6128132625014422,0.6055469897902191,0.6280572328265996,0.6127961637154165,1.638650894165039e-06,4.348969459533692e-05,3.0630826950073243e-06,1.3107061386108398e-06,1.3103087743123373e-06,1.2624263763427734e-06,1.2467304865519206e-06,4.822095235188802e-05,4.3064355850219727e-05,4.245162010192871e-05,4.140377044677734e-05,4.2307774225870765e-05
445,14,distance,2.0042369466926857,0.6162235250437663,0.6022652837686944,0.6365124956603341,0.6056474995818069,0.6117560642384995,0.6249362819694969,0.1777308956734717,0.1733946231388303,0.18192173592335464,0.17927119441353867,0.18569429407479623,0.1796025486447983,0.16658500686488611,0.15907953336236322,0.15764411816523524,0.15909383459786214,0.1659437151716299,0.16166924163239532,0.6022652837686944,0.6365124956603341,0.6056474995818069,0.6117560642384995,0.6249362819694969,0.6162235250437663,0.5941344207452264,0.6290817459975129,0.5975857789599699,0.6038192205772763,0.6172688805787541,0.6083780093717479,1.4407634735107422e-06,0.0013452843825022378,1.5419721603393555e-06,1.5879670778910318e-06,1.315772533416748e-06,1.3487537701924642e-06,1.4093518257141113e-06,0.001337457497914632,0.0013508160909016928,0.0013331095377604166,0.0013503710428873698,0.0013546677430470784
446,14,distance,2.0000481031005224,0.6145304308967239,0.6060913547190646,0.6126977379591088,0.6358979778161762,0.6221037080016518,0.5958613759876181,0.18182708524830524,0.18768971194798717,0.17861274354767095,0.1683768456449314,0.18504830618486906,0.18031093851475277,0.16329780012595385,0.16204792210128788,0.15357689382127712,0.1620026742852692,0.16897231987278227,0.16197952204131408,0.6060913547190646,0.6126977379591088,0.6358979778161762,0.6221037080016518,0.5958613759876181,0.6145304308967239,0.5980387077967968,0.6047801448679833,0.628454665607989,0.6143784004991302,0.5875995983246733,0.6066503034193145,1.368900140126546e-06,0.0013268441359202067,1.5675028165181477e-06,1.3296802838643392e-06,1.3258059819539387e-06,1.3214349746704103e-06,1.3000766436258952e-06,0.0013426268100738526,0.0013356224695841472,0.0013127915064493816,0.0013140344619750977,0.0013291454315185547
447,7,distance,2.0013991361264107,0.6195124615956684,0.6208902757150373,0.6263083312731679,0.6084879331680759,0.6213877246221791,0.6204880431998823,0.1819097279968938,0.17612906546865725,0.167492682666007,0.17877673069673639,0.17601250530057774,0.17606414242577445,0.16549086693937207,0.158244692144828,0.16972094688854433,0.16161298168626037,0.16639741629086263,0.1642933807899735,0.6208902757150373,0.6263083312731679,0.6084879331680759,0.6213877246221791,0.6204880431998823,0.6195124615956684,0.6131401621010346,0.6186689785905068,0.6004842793316482,0.61364778032144,0.6127297067746669,0.6117341814238593,1.3815760612487794e-06,0.0011901971499125163,1.5709797541300455e-06,1.3432900110880533e-06,1.3416012128194173e-06,1.3085206349690755e-06,1.3434886932373046e-06,0.0011551253000895182,0.0011801274617513021,0.0012151054541269938,0.0012076155344645182,0.001193011999130249
448,7,distance,2.0000947095016537,0.6204514705268869,0.605390060148739,0.619593169317624,0.6175847050885315,0.6349950150341195,0.6246944030454205,0.17540444252639362,0.18234856370864455,0.18027278470520464,0.1691957698785877,0.17100256006793235,0.17564482417735258,0.16237976216757039,0.1652650800618939,0.16734817945357527,0.1607172007935855,0.1658127468615256,0.16430459386763013,0.605390060148739,0.619593169317624,0.6175847050885315,0.6349950150341195,0.6246944030454205,0.6204514705268869,0.5973230767105531,0.6118165390481376,0.6097670159250943,0.6275332436208476,0.6170220569407272,0.612692386449072,1.3925433158874511e-06,0.0011796318689982095,1.6007820765177408e-06,1.3487537701924642e-06,1.3615687688191732e-06,1.304646333058675e-06,1.3469656308492024e-06,0.0012031094233194988,0.0011794328689575194,0.001160001754760742,0.001173847516377767,0.001181767781575521
449,6,distance,2.0010929363196555,0.6117013113885108,0.6033304389920096,0.6083718110078093,0.6062607508109141,0.6052532707754288,0.6352902853563926,0.18213635656995766,0.1787251924915705,0.17896900739840557,0.180717288108782,0.1710427299405128,0.1783181149018457,0.1661956019856242,0.1689798431512578,0.16497466927978655,0.17121385361198882,0.15700103638033108,0.1656730008817977,0.6033304389920096,0.6083718110078093,0.6062607508109141,0.6052532707754288,0.6352902853563926,0.6117013113885108,0.5952213508623743,0.60036578329417,0.5982115668411202,0.5971834909616386,0.6278345501336954,0.6037633484185998,1.3886491457621255e-06,0.001153445561726888,1.5792250633239747e-06,1.340508460998535e-06,1.3537208239237467e-06,1.3364354769388835e-06,1.3333559036254883e-06,0.001155003309249878,0.0011440674463907877,0.0011512291431427,0.001148167053858439,0.001168760855992635
450,6,distance,2.0053795984632927,0.6219432023223626,0.633818691466626,0.6167979991476051,0.5988179377415801,0.6375794033079426,0.622701979948059,0.17095108226924055,0.17608606221828207,0.1888976326664852,0.1691357338026008,0.17614100267512917,0.17624230272634756,0.15805774433860056,0.16713656003766467,0.16249095337729214,0.1603684167705904,0.1663874373824399,0.16288822238131753,0.633818691466626,0.6167979991476051,0.5988179377415801,0.6375794033079426,0.622701979948059,0.6219432023223626,0.6263328725528261,0.6089642274095663,0.5906166008640656,0.6301704643636417,0.6149889028771505,0.61421461361345,1.3863444328308106e-06,0.0011524120171864827,1.5798211097717285e-06,1.3500452041625976e-06,1.3674298922220866e-06,1.2978911399841308e-06,1.336534818013509e-06,0.0011639122168223062,0.0011626116434733072,0.0011465668678283692,0.0011568188667297364,0.0011321504910786946
451,6,distance,2.0007506646965476,0.6131162986996168,0.6419532784001247,0.5868220047343802,0.5931214855734385,0.62470039587714,0.6189843289130008,0.17396323113715173,0.18093276581263115,0.18461464100780325,0.1739520270978006,0.17558105024444098,0.17780874305996558,0.16124802998387025,0.17237702357640564,0.17056172400525563,0.16442440966545877,0.15827511592685428,0.16537726063156893,0.6419532784001247,0.5868220047343802,0.5931214855734385,0.62470039587714,0.6189843289130008,0.6131162986996168,0.6346337542788325,0.5783754358362756,0.5848036965221288,0.6170281722834869,0.6111952521616482,0.6052072622164744,1.3867417971293132e-06,0.0011447569529215494,1.5649199485778808e-06,1.345078150431315e-06,1.3429919878641764e-06,1.347362995147705e-06,1.3333559036254883e-06,0.001145326296488444,0.001135646104812622,0.001142798662185669,0.001163477102915446,0.0011365365982055663
452,6,distance,2.007467017629624,0.6096285194753417,0.6527797369253514,0.6210555018657736,0.609696919070903,0.602271109554708,0.5623393299599724,0.16842762062455524,0.17115826315515573,0.18292244218281797,0.17957339954496296,0.18307341968517446,0.17703102903853327,0.15645762418062104,0.17152741502329735,0.1698745522602738,0.16017914750440035,0.17948152645462512,0.16750405308464353,0.6527797369253514,0.6210555018657736,0.609696919070903,0.602271109554708,0.5623393299599724,0.6096285194753417,0.6456815373394983,0.61330876595843,0.6017179804488431,0.5941403656273767,0.5533922634514881,0.6016481825651272,1.37941042582194e-06,0.0011569856007893882,1.5290578206380208e-06,1.3063351313273113e-06,1.3695160547892253e-06,1.3053417205810546e-06,1.3868014017740885e-06,0.0011550958951314291,0.0011451979478200277,0.0011650454998016358,0.001168661912282308,0.0011509267489115398
453,7,distance,2.0118685796636866,0.6178298978659352,0.6003004851513322,0.6516066391691315,0.6206523508709763,0.6401600603880719,0.5764299537501645,0.1780359847825554,0.17037178492618757,0.1748778258893465,0.16748407780632882,0.19269533917876405,0.17669300251663647,0.17050789610130843,0.15368611457690393,0.1587730269367656,0.16197561162902877,0.1753018680015405,0.16404890344910944,0.6003004851513322,0.6516066391691315,0.6206523508709763,0.6401600603880719,0.5764299537501645,0.6178298978659352,0.5921294558869641,0.644484458027785,0.6128973733760048,0.6328038776362097,0.5677709408796398,0.6100172211613206,1.3784567515055338e-06,0.0011795443693796794,1.568297545115153e-06,1.3328591982523601e-06,1.3537208239237467e-06,1.2983878453572592e-06,1.3390183448791504e-06,0.0011903103192647299,0.0011669190724690754,0.0011892370382944743,0.0011734962463378906,0.0011777591705322266
454,6,distance,2.0138173817741434,0.6181310017947313,0.6337916736368092,0.6320559533278416,0.5884193474126895,0.6236107138316314,0.6127773207646849,0.17939847515424737,0.17229370418918996,0.18610376101763507,0.16911122138395304,0.17674152689801037,0.17672973772860717,0.16222020543986945,0.15929712619685116,0.17073781459594467,0.15811235593131623,0.16902696898471056,0.1638788942297384,0.6337916736368092,0.6320559533278416,0.5884193474126895,0.6236107138316314,0.6127773207646849,0.6181310017947313,0.6263053023994016,0.624534098881392,0.5800054328793884,0.6159162139440326,0.6048613545792951,0.610324480536702,1.3644297917683918e-06,0.001154279073079427,1.547833283742269e-06,1.3261040051778158e-06,1.3535221417744954e-06,1.296401023864746e-06,1.2982885042826334e-06,0.0011397314071655274,0.001136715809504191,0.0011461973190307617,0.0011825124422709147,0.0011662383874257406
455,6,distance,2.008049810742742,0.6137446944709547,0.657321890954954,0.6323440142664282,0.5952345494544725,0.6116734557660845,0.5721495619128338,0.1705453172913918,0.16759662449361926,0.18249306641290042,0.17622268095162633,0.1882513536992199,0.17702180856975153,0.1567058847461661,0.1621392834416781,0.1730490830154514,0.16590419364168277,0.16952595187438127,0.16546487934387194,0.657321890954954,0.6323440142664282,0.5952345494544725,0.6116734557660845,0.5721495619128338,0.6137446944709547,0.6503165463066737,0.624828048629626,0.5869599576204925,0.6037349233456296,0.5634030452909496,0.6058485042386743,1.3753970464070638e-06,0.001145995616912842,1.5664100646972657e-06,1.3342499732971192e-06,1.3491511344909669e-06,1.3330578804016112e-06,1.294116179148356e-06,0.0011540766557057698,0.001156512498855591,0.001133025089899699,0.0011521331469217936,0.0011342306931813558
456,7,distance,2.0272016368743637,0.6146011104564255,0.5903767438294247,0.6061803736821214,0.6167445665857668,0.6125602330075786,0.6471436351772355,0.1861963646081838,0.18208325481521867,0.17739774013048282,0.17753244725419348,0.16738710287477915,0.17811938193657156,0.16877132480848764,0.16345160623823105,0.16371289449290152,0.1638950409779942,0.15997280076177522,0.16396073345587794,0.5903767438294247,0.6061803736821214,0.6167445665857668,0.6125602330075786,0.6471436351772355,0.6146011104564255,0.5820028442143533,0.5981295465682976,0.6089097025295985,0.6046398289123331,0.6399302171570087,0.6067224278763182,1.3648470242818197e-06,0.0011762510935465495,1.5499194463094076e-06,1.32600466410319e-06,1.3462702433268229e-06,1.3050436973571777e-06,1.2969970703125e-06,0.001186665693918864,0.0011820586522420246,0.0011748035748799643,0.0011761613686879476,0.001161566178003947
457,6,distance,2.0005999730924318,0.6163729093153734,0.6333962252338117,0.5434936721769695,0.6250854457620314,0.6706595087559691,0.6092296946480849,0.1659433643029757,0.19385847799794922,0.17470693465782966,0.16451375462366363,0.18521443242580232,0.17684739280164413,0.15770635337408748,0.17607651447726416,0.16384446761121757,0.15299538753189604,0.1705914601159217,0.1642428366220774,0.6333962252338117,0.5434936721769695,0.6250854457620314,0.6706595087559691,0.6092296946480849,0.6163729093153734,0.6259017698723224,0.5341613452027338,0.6174210937162807,0.6639268240968066,0.6012412045897834,0.6085304474955853,1.3563235600789388e-06,0.0011519097487131754,1.530746618906657e-06,1.3171633084615071e-06,1.3451774915059407e-06,1.2946128845214843e-06,1.2939174969991047e-06,0.001165257692337036,0.001162359317143758,0.0011635963122049967,0.0011437515417734782,0.001124583880106608
458,7,distance,2.003627507416372,0.6235278593905925,0.625627451748853,0.6026595061864147,0.6485991650679641,0.6156701826884029,0.6250829912613279,0.1857594775768947,0.16859286232596915,0.16939461859861377,0.17814741396221073,0.17081405401071928,0.1745416852948815,0.1660614709784248,0.16508992844493878,0.15438469868694313,0.17070336889162246,0.1632706490408435,0.16390202320855454,0.625627451748853,0.6026595061864147,0.6485991650679641,0.6156701826884029,0.6250829912613279,0.6235278593905925,0.6179741798936337,0.5945367022242971,0.6414155023436294,0.6078133550772629,0.6174185890383908,0.6158316657154427,1.3635158538818358e-06,0.0011791537602742514,1.5468398729960124e-06,1.3367335001627604e-06,1.341402530670166e-06,1.2965997060139974e-06,1.2960036595662434e-06,0.0012023937702178955,0.0011413443088531495,0.0011821873982747395,0.0011697872479756674,0.0012000560760498046
459,7,distance,2.009259222227203,0.61866122558803,0.6197550524051685,0.6642827661030656,0.6464725408934189,0.5910886435085271,0.5717071250299701,0.18216788699599912,0.16838002337457286,0.16866458288045635,0.18130691668644086,0.184475522395948,0.17699898646668344,0.166893907878117,0.15767331172717902,0.1508686020504687,0.1690337487243041,0.17135408936890817,0.1631647319497954,0.6197550524051685,0.6642827661030656,0.6464725408934189,0.5910886435085271,0.5717071250299701,0.61866122558803,0.6119817315003337,0.6574197221392442,0.6392454037396216,0.5827292972088718,0.5629515637017923,0.6108655436579726,1.3634562492370605e-06,0.0011949292023976643,1.5471378962198893e-06,1.3248125712076823e-06,1.3553102811177572e-06,1.2981891632080079e-06,1.291831334431966e-06,0.0011960017681121827,0.0011991508801778158,0.0011983088652292887,0.0011996066570281983,0.0011815778414408366
460,8,distance,2.0,0.615657537438161,0.6250621195510098,0.5805687220015715,0.6395192809169266,0.619656468926546,0.613481095794751,0.18232199004154154,0.1817145129724848,0.17456205345834733,0.1747332851031401,0.17315544496065705,0.17729745730723417,0.16602357174672186,0.16687449903364307,0.15945231165688906,0.16030372883095723,0.16860110468170786,0.1642510431899838,0.6250621195510098,0.5805687220015715,0.6395192809169266,0.619656468926546,0.613481095794751,0.615657537438161,0.6173972906491565,0.571994317681331,0.632149998755092,0.6118811326865435,0.6055795168331446,0.6078004513210535,1.399517059326172e-06,4.3529510498046873e-05,1.5647212664286295e-06,1.345674196879069e-06,1.356502374013265e-06,1.3579924901326498e-06,1.3726949691772462e-06,4.2515198389689126e-05,4.373470942179362e-05,4.285732905069987e-05,4.4142405192057294e-05,4.4397910435994466e-05
461,15,distance,5.0816040948364245,0.5665187223665121,0.5893843690277423,0.5875647098398155,0.5580910507474262,0.5537526732154227,0.543800809002154,0.1980759383156703,0.1879195349641826,0.1885014312706091,0.19239926133306615,0.19607103019248429,0.1925934392152025,0.1662488834735616,0.16528510678766015,0.17195816126027583,0.1720024452281837,0.17190460360079762,0.16947984007009578,0.5893843690277423,0.5875647098398155,0.5580910507474262,0.5537526732154227,0.543800809002154,0.5665187223665121,0.5809901823639141,0.5791333240103057,0.5490571369637278,0.5446300702828589,0.534474760804583,0.557657094885078,1.3873577117919922e-06,0.0009955284595489502,1.6112128893534342e-06,1.3461709022521973e-06,1.3706088066101075e-06,1.3113021850585938e-06,1.2974937756856283e-06,0.0009892630577087403,0.0010122231642405192,0.0010015233357747396,0.0010031962394714356,0.0009714365005493164
462,15,distance,5.288399097924672,0.567398280476937,0.5811541894427468,0.5510367239520383,0.5347993859584061,0.5573379675574273,0.6126631354740661,0.19518839722526973,0.19828906779048316,0.2052734216792006,0.19014848619168498,0.17456802661971263,0.19269347990127023,0.1700633007144171,0.1772668211800726,0.17693840024029184,0.16949009381459776,0.15395419983616332,0.16954256315710853,0.5811541894427468,0.5510367239520383,0.5347993859584061,0.5573379675574273,0.6126631354740661,0.567398280476937,0.5725917537925134,0.5418585990583832,0.5252893222982714,0.5482886585466762,0.6047448350067557,0.55855463374052,1.3829469680786134e-06,0.0009826072057088216,1.5818079312642416e-06,1.3378262519836426e-06,1.3915697733561198e-06,1.3072292009989422e-06,1.2963016827901205e-06,0.0009909963607788086,0.0009758742650349935,0.0009650897979736328,0.0010042099157969158,0.0009768656889597575
463,15,distance,5.168791231112906,0.5654146473012455,0.5718767902865614,0.5636432226231737,0.5526182784432714,0.5584421078859807,0.5804928372672399,0.18320681495107888,0.18876302026019687,0.20563131720602848,0.19961445353737972,0.18837872148939255,0.19311886548881532,0.16990088803495304,0.16642197114398186,0.17563493887770584,0.17569712804707388,0.16358227853582308,0.17024744092790753,0.5718767902865614,0.5636432226231737,0.5526182784432714,0.5584421078859807,0.5804928372672399,0.5654146473012455,0.5631246974133735,0.5547228115013305,0.5434724851576143,0.5494153707388456,0.5719168816406758,0.556530449290368,1.3753771781921386e-06,0.0009903202851613362,1.5604496002197265e-06,1.3431906700134277e-06,1.348257064819336e-06,1.313189665476481e-06,1.311798890431722e-06,0.0009748935699462891,0.0010041960080464682,0.000984262228012085,0.001017758051554362,0.0009704915682474773
464,15,uniform,5.196749944678081,0.5517879928200125,0.549436697840003,0.544292935896237,0.5504560822400248,0.5581402926282691,0.5566139554955281,0.19655087510632,0.20051990505581802,0.1990612467297843,0.19473785520560435,0.19684784134905342,0.19754354468931604,0.17138380307853235,0.17687970825717808,0.17483171373692016,0.16398479653447112,0.1674485540836994,0.17090571513816025,0.549436697840003,0.544292935896237,0.5504560822400248,0.5581402926282691,0.5566139554955281,0.5517879928200125,0.540225863724296,0.5349769482143882,0.541266087328407,0.5491073854929016,0.5475498455567654,0.5426252260633517,1.3686418533325195e-06,0.0009930377801259359,1.5520056088765463e-06,1.3254086176554363e-06,1.3583898544311523e-06,1.310904820760091e-06,1.2965003649393717e-06,0.0009967764218648276,0.000997933546702067,0.0009886348247528077,0.0009650905927022298,0.0010167535146077475
465,15,distance,5.380633095088296,0.5656407897861688,0.5662107168406023,0.5490342281175427,0.5444276321472243,0.5740909617562869,0.5944404100691878,0.19131482196171526,0.19204205624723833,0.19429913374917318,0.20017885528942927,0.18836001645899475,0.19323897674131016,0.16904417260442023,0.17306499128983138,0.17363216589428934,0.16906867883674662,0.16355786192858995,0.1696735741107755,0.5662107168406023,0.5490342281175427,0.5444276321472243,0.5740909617562869,0.5944404100691878,0.5656407897861688,0.5573427928237151,0.5398151663414107,0.5351143980514266,0.5653841330358021,0.5861495836992223,0.5567612147903154,1.414358615875244e-06,0.000995309829711914,1.5648206075032552e-06,1.377264658610026e-06,1.5080968538920084e-06,1.318951447804769e-06,1.3026595115661621e-06,0.0010202515125274658,0.0009816968441009521,0.0009922532240549723,0.000988380511601766,0.000993967056274414
466,15,distance,5.176755083340236,0.5701448296965631,0.5575363018013014,0.5669332260617007,0.5334853853389927,0.5452483764659937,0.6475208588148269,0.19791377037392346,0.19913685111210702,0.2022284345910863,0.1913697170495155,0.17091555172516373,0.1923128649703592,0.17501649484998955,0.17233610157281404,0.1807726212818061,0.17030075329298805,0.1451327259535329,0.16871173939022613,0.5575363018013014,0.5669332260617007,0.5334853853389927,0.5452483764659937,0.6475208588148269,0.5701448296965631,0.5484910473236448,0.5580800722503556,0.5239484596559738,0.5359519207889782,0.6403151523510755,0.5613573304740056,1.3933777809143068e-06,0.000988270362218221,1.5929341316223145e-06,1.3483564058939616e-06,1.3705094655354817e-06,1.3132890065511069e-06,1.3417998949686686e-06,0.001001280943552653,0.0009664479891459148,0.0009879954655965168,0.000998547871907552,0.0009870795408884684
467,15,uniform,5.292913851452956,0.5584905066209518,0.5737319947507546,0.5663354036165833,0.5477258595783461,0.5229615597945556,0.5816977153645193,0.1885013456416525,0.19601065362891842,0.1963436893296445,0.2007119086145214,0.19462901728799523,0.1952393229005464,0.16665978467565873,0.17170113970033532,0.17000095429520704,0.18050713554253559,0.16384720901612104,0.17054324464597154,0.5737319947507546,0.5663354036165833,0.5477258595783461,0.5229615597945556,0.5816977153645193,0.5584905066209518,0.5650178276928484,0.5574700285627485,0.5384800509155525,0.5132094962809861,0.5731463909767411,0.5494647588857753,1.40686829884847e-06,0.0009974970022837322,1.6131003697713216e-06,1.3586878776550294e-06,1.4174977938334147e-06,1.327693462371826e-06,1.3173619906107585e-06,0.0009876418113708497,0.0010168461004892986,0.0010062992572784425,0.0009729321797688803,0.0010037656625111898
468,15,distance,5.19287718766639,0.5615619136209885,0.5509730592526683,0.5229503031942062,0.5530498109309512,0.5889105960275423,0.591925798699575,0.19326628598036202,0.20220238061957402,0.18777447578452558,0.19143273771715572,0.19451665920968603,0.1938385078622607,0.16990441450613472,0.1816680721929739,0.16922653009368754,0.1688396284300931,0.16325253603372422,0.1705782362513227,0.5509730592526683,0.5229503031942062,0.5530498109309512,0.5889105960275423,0.591925798699575,0.5615619136209885,0.5417936328660107,0.513198009562742,0.5439128394337986,0.5805067240553625,0.5835835663050177,0.5525989544445864,1.3821919759114584e-06,0.000991088628768921,1.5694896380106608e-06,1.3307730356852214e-06,1.3342499732971192e-06,1.3167659441630045e-06,1.3596812884012859e-06,0.000995864470799764,0.0009746738274892171,0.0010086806615193684,0.0009853299458821615,0.0009908942381540934
469,15,distance,5.196152085926814,0.5750960660306409,0.5540786576668073,0.5521061171716479,0.6044298905482599,0.5882203909340606,0.5766452738324283,0.1959670549588773,0.2048681552674953,0.179608523943668,0.18174830143502047,0.19515380417233424,0.19146916795547905,0.17645722434095196,0.16702079853690333,0.1582817088822304,0.16275792716172202,0.17298736348525884,0.1675010044814133,0.5540786576668073,0.5521061171716479,0.6044298905482599,0.5882203909340606,0.5766452738324283,0.5750960660306409,0.5449627188116143,0.5429498538088877,0.596343278429996,0.5798024091473635,0.5679906627353059,0.5664097845866334,1.3613502184549967e-06,0.000997498909632365,1.528461774190267e-06,1.3185540835062662e-06,1.3534228006998698e-06,1.3048450152079264e-06,1.3014674186706543e-06,0.0010018150011698406,0.0010053118069966633,0.0010000995794932047,0.0009871999422709147,0.000993068218231201
470,15,uniform,5.07258582893524,0.5631406281779417,0.5969424564699701,0.5588196430045612,0.5668450569414372,0.5296356108850647,0.5634603735886756,0.19129417308561666,0.18737721821679088,0.19684638209800034,0.2009631213292031,0.1921835221021352,0.19373288336634925,0.16789002606492362,0.17261967459757008,0.16386715904089272,0.17888451484762546,0.1686541629784311,0.1703831075058886,0.5969424564699701,0.5588196430045612,0.5668450569414372,0.5296356108850647,0.5634603735886756,0.5631406281779417,0.5887027792598162,0.5498006237814858,0.5579901006949248,0.5200199845317781,0.5545362244967917,0.5542099425529592,1.3810396194458007e-06,0.0009891085624694825,1.5952189763387043e-06,1.3368328412373861e-06,1.3568997383117676e-06,1.3200441996256511e-06,1.2962023417154948e-06,0.000981540282567342,0.0009959014256795248,0.0009964625040690103,0.0009860777854919433,0.0009855608145395915
471,15,distance,5.176672727810087,0.5660965632975875,0.5941856179765919,0.5601429638928722,0.5212708436170409,0.5774424901348737,0.5774409008665591,0.18735286753305383,0.1870043635190395,0.20338452454120662,0.19519122571197522,0.19490450928151626,0.1935674981173583,0.1601841028834066,0.16973770628652368,0.1836837633309971,0.1701944454903183,0.16261453019434283,0.16928290963711773,0.5941856179765919,0.5601429638928722,0.5212708436170409,0.5774424901348737,0.5774409008665591,0.5660965632975875,0.5858895829096737,0.5511509972262869,0.5114842169107454,0.5688041764749392,0.5688025547173234,0.5572263056477937,1.3710459073384602e-06,0.000991103728612264,1.5499194463094076e-06,1.3328591982523601e-06,1.3549129168192545e-06,1.3079245885213215e-06,1.3096133867899577e-06,0.0010430745283762613,0.000954203208287557,0.0009850279490152996,0.000980907678604126,0.0009923052787780761
472,15,distance,5.179968366533087,0.571561705017081,0.5949105347973493,0.5340006568053013,0.6416866901985216,0.5349745835744264,0.5522360597098066,0.17506032124537807,0.19775030788739034,0.1802693909154803,0.19619788064032473,0.2102752124523638,0.19191062262818745,0.15976433437135112,0.17440335331045007,0.14511844588789757,0.17662242819831278,0.1843813464979793,0.16805798165319816,0.5949105347973493,0.5340006568053013,0.6416866901985216,0.5349745835744264,0.5522360597098066,0.571561705017081,0.586629319154365,0.5244742647808781,0.6343617162332444,0.5254681014669189,0.5430824527532779,0.5628031708777369,1.3685425122578937e-06,0.001003315528233846,1.5497207641601562e-06,1.3239185015360514e-06,1.3513366381327311e-06,1.307825247446696e-06,1.3099114100138346e-06,0.0010276869932810465,0.0009811031818389893,0.0009949072202046713,0.0010101668039957682,0.001002713441848755
473,15,uniform,5.406852367964831,0.556194912652949,0.5333213327552133,0.544846898496948,0.5581125667606008,0.5893148589996198,0.5553789062523631,0.2059094283115347,0.20009006969468046,0.19256283271245275,0.18172261912061194,0.1984788538787808,0.19575276074361214,0.18068779399056373,0.1751429278158708,0.16608760989936616,0.1632287362800573,0.1692641673213471,0.170882247061441,0.5333213327552133,0.544846898496948,0.5581125667606008,0.5893148589996198,0.5553789062523631,0.556194912652949,0.5237810533566828,0.5355422354338533,0.5490790928272571,0.5809192513471417,0.5462895482881864,0.5471222362506243,1.3761123021443685e-06,0.0009757920900980632,1.5929341316223145e-06,1.3341506322224935e-06,1.3529260953267416e-06,1.3083219528198242e-06,1.2922286987304687e-06,0.0009643228848775228,0.0010110298792521159,0.0009620801607767741,0.0009718024730682373,0.0009697250525156657
474,15,uniform,5.056824219454905,0.5590565435922281,0.5527116776866896,0.57334040435056,0.5310648022137562,0.5980231659647255,0.5401426677454093,0.19843406652230158,0.19038200110216708,0.2016261766655143,0.18442593727718554,0.20262945201322438,0.19549952671607856,0.17933381697585316,0.1622053617057873,0.17742932517586438,0.15602457711834997,0.17590863342362087,0.1701803428798951,0.5527116776866896,0.57334040435056,0.5310648022137562,0.5980231659647255,0.5401426677454093,0.5590565435922281,0.5435677937552421,0.5646182320374539,0.5214783927189777,0.5898055816232888,0.5307418364216356,0.5500423673113197,1.368403434753418e-06,0.0010035613377888998,1.5376011530558268e-06,1.3254086176554363e-06,1.3697147369384766e-06,1.30385160446167e-06,1.3054410616556804e-06,0.001029276450475057,0.0010088944435119628,0.0009690376122792562,0.0009994395573933918,0.0010111586252848307
475,15,uniform,5.221009308020021,0.5604288119114031,0.5390474297390571,0.5772159079953674,0.581041689861116,0.546034138700637,0.558804893260838,0.202247366684395,0.1967315694255119,0.18874585128938018,0.1879480588832458,0.1989701415204863,0.19492859756060382,0.17475382504544307,0.16605980221395544,0.17015925475564703,0.1697939958929476,0.16985377589047967,0.17012413075969457,0.5390474297390571,0.5772159079953674,0.581041689861116,0.546034138700637,0.558804893260838,0.5604288119114031,0.5296242085412184,0.568572962332581,0.572476954389793,0.5367537463061014,0.549785572509782,0.5514426888158951,1.4517704645792643e-06,0.0010047192573547363,1.5556812286376954e-06,1.382132371266683e-06,1.601874828338623e-06,1.3877948125203452e-06,1.3313690821329752e-06,0.001036296288172404,0.0010016266504923503,0.0009868292013804117,0.001004344622294108,0.0009944995244344076
476,15,distance,5.213395407494663,0.5664153153713269,0.5749191652824601,0.5454005301363238,0.5605595390898469,0.5876593451885594,0.5635379971594445,0.19513821622407604,0.1967795500597026,0.19030475413560483,0.1869193758077271,0.19738730539216304,0.1933058403238547,0.17367652072487033,0.17178120941710442,0.1685451050284161,0.16396799592781747,0.16954243276921366,0.16950265277348442,0.5749191652824601,0.5454005301363238,0.5605595390898469,0.5876593451885594,0.5635379971594445,0.5664153153713269,0.5662292674688136,0.5361071849261635,0.551576088440917,0.5792298939828742,0.5546154349207961,0.557551573947913,1.436889171600342e-06,0.0010001657009124755,1.5645225842793783e-06,1.3750791549682617e-06,1.550912857055664e-06,1.3127923011779784e-06,1.3811389605204264e-06,0.0010470962524414063,0.0009794243176778157,0.000979448159535726,0.0010194758574167888,0.0009753839174906413
477,15,uniform,5.2199175614588,0.5563691073289667,0.5464099299905716,0.5883745122332686,0.5753792005836145,0.5550062566851648,0.5166756371522143,0.19918017227226487,0.18510425473965866,0.1934321192754306,0.1957990076070949,0.20398723819147932,0.19550055841718567,0.18166780817816672,0.16239446133536317,0.16455706081835259,0.1739320276731551,0.1745075540921949,0.1714117824194465,0.5464099299905716,0.5883745122332686,0.5753792005836145,0.5550062566851648,0.5166756371522143,0.5563691073289667,0.5371372198711284,0.5799596811375263,0.5666987072394976,0.5459092806719144,0.5067950709611182,0.5472999919762369,1.3654430707295735e-06,0.0009846269289652506,1.525580883026123e-06,1.3230244318644205e-06,1.3685226440429688e-06,1.3059377670288086e-06,1.3041496276855468e-06,0.0009851062297821045,0.0009906991322835286,0.000985037883122762,0.000990215539932251,0.0009720758597056071
478,15,distance,5.212558939951947,0.5685121252896371,0.5856238641745053,0.5652736715156323,0.6056158039023174,0.5327347763033498,0.5533125105523808,0.1841404640590559,0.19627153125721877,0.18702462323259525,0.20881153143146272,0.1918496270784778,0.19361955541176207,0.16262267660016563,0.1705436182576658,0.1594366561200238,0.1782958674988553,0.16992806330486881,0.16816537635631587,0.5856238641745053,0.5652736715156323,0.6056158039023174,0.5327347763033498,0.5533125105523808,0.5685121252896371,0.5771528017726213,0.5563865915466164,0.5975534353279184,0.5231825059722428,0.5441809094052404,0.5596912488049278,1.3695756594340005e-06,0.0010000957647959391,1.5288591384887694e-06,1.2971957524617512e-06,1.415709654490153e-06,1.3039509455362955e-06,1.302162806193034e-06,0.0009766614437103271,0.0010112627347310383,0.0010016361872355144,0.0009727172056833902,0.0010382012526194255
479,7,distance,4.64061361955001,0.5785164347752632,0.6010295049727097,0.5948646785946087,0.5617207772797492,0.5904775220752755,0.544489690953973,0.1840324450592568,0.1838978433618881,0.1912890667168703,0.1823602804125721,0.19892557599074348,0.18810104230826616,0.16821379722606714,0.16974297220196458,0.17236563886879475,0.16280210255173885,0.17654193223258496,0.16993328861623008,0.6010295049727097,0.5948646785946087,0.5617207772797492,0.5904775220752755,0.544489690953973,0.5785164347752632,0.5928733790096306,0.5865825255164746,0.5527610657420269,0.582105682662845,0.5351777255220269,0.5699000756906007,1.3808806737263999e-06,0.0008299930095672607,1.5904506047566732e-06,1.3161698977152507e-06,1.3559063275655112e-06,1.3188521067301431e-06,1.3230244318644205e-06,0.0008521091938018799,0.0008211115996042888,0.0008519991238911947,0.0008127085367838541,0.0008120365937550863
480,11,distance,7.512359159055961,0.5591598319437702,0.5033217546515474,0.6170997281204254,0.5372281928641585,0.6031357276105034,0.5350137564722162,0.1986923315033167,0.18239716816474422,0.18696179000774688,0.1894812511170832,0.20525252155799178,0.19255701247017656,0.18744826838449294,0.15933860373820055,0.16909107826509462,0.16938335991775985,0.1793764438601886,0.17292755083314731,0.5033217546515474,0.6170997281204254,0.5372281928641585,0.6031357276105034,0.5350137564722162,0.5591598319437702,0.4931681959732145,0.6092721246067032,0.5277677811339538,0.595022659009696,0.5255080751735222,0.5501477671794179,1.377105712890625e-06,0.0008595064481099448,1.585086186726888e-06,1.3409058252970377e-06,1.3506412506103516e-06,1.3094147046407064e-06,1.2994805971781412e-06,0.0008796826998392741,0.0008630641301472982,0.0008630935351053874,0.0008393243948618571,0.0008523674805959065
481,11,distance,8.109684634267392,0.5596981390112805,0.551525408244758,0.5794009208503277,0.5529960650149346,0.5959649925094187,0.5186033084369639,0.2055861056508706,0.18712285831064498,0.1816714599078805,0.18575769393618458,0.2081669465668387,0.19366101287448387,0.1744899287356745,0.16632261080398383,0.17344236247656242,0.16385212251063677,0.18169058154640041,0.17195952121465158,0.551525408244758,0.5794009208503277,0.5529960650149346,0.5959649925094187,0.5186033084369639,0.5596981390112805,0.542357273489966,0.5708026432527193,0.5438579947937747,0.5877053330717918,0.5087621494953005,0.5506970788207105,1.3739864031473795e-06,0.0008544625441233317,1.5674034754435221e-06,1.3347466786702475e-06,1.3600786526997883e-06,1.30385160446167e-06,1.30385160446167e-06,0.0008281854788462321,0.0008814311027526855,0.0008553417523701986,0.0008676997820536295,0.0008396546045939128
482,11,distance,8.0989149650295,0.5562240951245888,0.5628818255956707,0.5667231228148464,0.5170080470384284,0.5416850859240189,0.5928223942499795,0.19027772747708813,0.18461268678422665,0.2003761292997705,0.20512815824039599,0.18727816228265998,0.19353457281682823,0.1711930444147645,0.1686873963409366,0.1857263367509198,0.1744095930537249,0.1671211881562919,0.17342751174332754,0.5628818255956707,0.5667231228148464,0.5170080470384284,0.5416850859240189,0.5928223942499795,0.5562240951245888,0.5539458492875754,0.5578656738775007,0.5071342762794184,0.5323157861473378,0.584498490895635,0.5471520152974934,1.370827356974284e-06,0.0008440078099568685,1.5613436698913574e-06,1.3330578804016112e-06,1.3496478398640951e-06,1.3065338134765626e-06,1.303553581237793e-06,0.000829997460047404,0.0008595454692840577,0.0008479166030883789,0.0008377055327097575,0.0008448739846547445
483,11,distance,7.917158402398462,0.5596304614505163,0.5549447732309352,0.5647998840646581,0.5637231951012955,0.5615542730837983,0.5531301817718944,0.199550089182064,0.1947155643985002,0.1882876133807349,0.18834959139067634,0.19324330280506538,0.1928292322314082,0.17412032010147488,0.1769979549454203,0.16994966618079535,0.17293099445011173,0.17131178273035513,0.17306214368163148,0.5549447732309352,0.5647998840646581,0.5637231951012955,0.5615542730837983,0.5531301817718944,0.5596304614505163,0.5458465403157243,0.5559031184918743,0.5548044188512369,0.552591157712428,0.5439948532902296,0.5506280177322986,1.3708074887593588e-06,0.0008462704022725424,1.5671054522196453e-06,1.3383229573567708e-06,1.3512372970581056e-06,1.303553581237793e-06,1.2938181559244792e-06,0.0008703378836313883,0.0008691640694936117,0.0008290608723958334,0.0008171224594116211,0.0008456667264302571
484,11,distance,7.91910765209494,0.5654796673772475,0.547326712301972,0.5895181572945083,0.5570598172600332,0.5296818479228004,0.6038118021069236,0.20173086232729157,0.18977384951679396,0.19103135349238967,0.18994841637525006,0.18719962666878828,0.1919368216761027,0.17622070422222344,0.16797888297633048,0.17193319811196703,0.17892025237893366,0.16083838235411704,0.17117828400871432,0.547326712301972,0.5895181572945083,0.5570598172600332,0.5296818479228004,0.6038118021069236,0.5654796673772475,0.5380727438992866,0.581126705654873,0.5480048220421804,0.5200671667900467,0.595712554449825,0.5565967985672423,1.3732314109802247e-06,0.0008444061279296875,1.5539924303690592e-06,1.3213356335957845e-06,1.3845165570576985e-06,1.3051430384318035e-06,1.3011693954467772e-06,0.000845179557800293,0.0008416032791137695,0.0008376848697662354,0.0008397169907887776,0.000857845942179362
485,11,distance,7.921088115043226,0.5638315529950064,0.5790588341922954,0.5476465617996521,0.5900443131677375,0.5140685713300404,0.5883394844853072,0.19032612075142222,0.19182687506594487,0.1941157131039021,0.19204665564946857,0.19023814872258143,0.19171070265866383,0.1712626986286282,0.17499403333467303,0.15959659743597499,0.1834428854301303,0.17071678148715158,0.17200259926331163,0.5790588341922954,0.5476465617996521,0.5900443131677375,0.5140685713300404,0.5883394844853072,0.5638315529950064,0.5704535633410306,0.5383991320579073,0.5816636176958685,0.5041347090744364,0.5799239373197598,0.5549149918978005,1.360595226287842e-06,0.0008404351870218913,1.5503168106079102e-06,1.3233224550882976e-06,1.3390183448791504e-06,1.2937188148498534e-06,1.2965997060139974e-06,0.0008543809254964193,0.0008295174439748129,0.0008447547753651937,0.0008248547712961833,0.0008486680189768473
486,11,distance,8.421390508680224,0.5617083906163016,0.5807333833913552,0.5841858340007033,0.5429821631822604,0.5751991257963602,0.525441446710829,0.1922406428906858,0.186790907174143,0.1914423616372468,0.191883144605848,0.20440444215544082,0.1933522996926729,0.16488774548818205,0.1673527993263053,0.17229231687720478,0.1708750465256592,0.18173393923213876,0.17142836948989804,0.5807333833913552,0.5841858340007033,0.5429821631822604,0.5751991257963602,0.525441446710829,0.5617083906163016,0.572162345232405,0.5756853740484179,0.5336393794653731,0.5665149511959451,0.5157400793522771,0.5527484258588837,1.3685226440429688e-06,0.0008459579149881999,1.559754212697347e-06,1.3381242752075195e-06,1.354217529296875e-06,1.2976924578348797e-06,1.2928247451782227e-06,0.0008394221464792887,0.0008519538243611654,0.0008469474315643311,0.000835878054300944,0.0008555881182352702
487,11,uniform,8.095617540206483,0.555913069221021,0.5305262761760497,0.5760233275369815,0.5321146891573687,0.5778036925613952,0.5630973606733094,0.20288527947703475,0.1888930979507777,0.19582036217607,0.1941022792900194,0.1931766869255591,0.1949755411638922,0.17216609970378785,0.17048021492966597,0.17813816718108247,0.1684008905279761,0.17162574830102545,0.17216222412870757,0.5305262761760497,0.5760233275369815,0.5321146891573687,0.5778036925613952,0.5630973606733094,0.555913069221021,0.5209288576310968,0.5673560020351822,0.5225497424280474,0.5691727629374373,0.5541657905337518,0.546834631113103,1.3747811317443848e-06,0.0008521085580190022,1.5474359194437662e-06,1.3445814450581869e-06,1.377264658610026e-06,1.2988845507303874e-06,1.3057390848795573e-06,0.0008338018258412679,0.0008509580294291179,0.0008534483114878336,0.0008715017636617025,0.0008508328596750895
488,11,distance,8.417166835883126,0.5596748573056871,0.5454028203753322,0.5601630383545104,0.5662044701740766,0.5706540727856313,0.5559498848388851,0.20126605488711624,0.20320250078286223,0.18480575603052282,0.18612580988785404,0.1946166570644996,0.19400335573057098,0.18268729348988771,0.17374310180412167,0.16230939719940546,0.16632824582058167,0.17130342309965482,0.17127429228273028,0.5454028203753322,0.5601630383545104,0.5662044701740766,0.5706540727856313,0.5559498848388851,0.5596748573056871,0.5361095219843679,0.5511714820687423,0.557336418457022,0.5618769839839748,0.5468721993500718,0.5506733211688358,1.373151938120524e-06,0.0008422770500183107,1.6086300214131673e-06,1.3144810994466147e-06,1.3398130734761555e-06,1.3043483098347981e-06,1.2984871864318848e-06,0.0008489545186360678,0.0008488309383392334,0.0008402236302693685,0.000849831501642863,0.0008235446612040202
489,11,distance,8.050395125292113,0.5623661261198152,0.5392017702162488,0.6017999933846552,0.5794439329734711,0.5480987813891255,0.5432861526355752,0.19537310554572665,0.18165505237122048,0.1891621114441247,0.20136093881037695,0.19924428522749163,0.1933590986797881,0.16916072653729464,0.16872698847865608,0.16669908394904248,0.17373667600922638,0.1759182088845697,0.17084833677175787,0.5392017702162488,0.6017999933846552,0.5794439329734711,0.5480987813891255,0.5432861526355752,0.5623661261198152,0.5297817041900051,0.5936596184623653,0.570846534669692,0.5388605963408623,0.5339495833538492,0.5534196074033547,1.3642907142639162e-06,0.0008455432256062826,1.5573700269063314e-06,1.3368328412373861e-06,1.3383229573567708e-06,1.2993812561035157e-06,1.2895464897155763e-06,0.0008506663640340169,0.0008608782291412353,0.0008374392986297607,0.0008397996425628662,0.0008389325936635335
490,11,distance,8.051041627718355,0.560781915188856,0.5398243770735505,0.596581983173615,0.5438324504739893,0.5541253710568393,0.5695453941662858,0.19716163242838525,0.1878866538666419,0.19811288849811973,0.20087956608785448,0.18423891447758597,0.19365593107171747,0.17490578974666932,0.16301787924016858,0.1815027957979543,0.17086183808582592,0.16761469476205676,0.17158059952653498,0.5398243770735505,0.596581983173615,0.5438324504739893,0.5541253710568393,0.5695453941662858,0.560781915188856,0.5304170389558036,0.5883349368330415,0.534507049120817,0.5450103871602159,0.5607456407250514,0.551803010558986,1.3666152954101563e-06,0.0008419602711995444,1.545250415802002e-06,1.3316671053568521e-06,1.3496478398640951e-06,1.3034542401631673e-06,1.3030568758646648e-06,0.0008272043863932292,0.0008318750063578288,0.0008613975842793782,0.0008710221449534098,0.0008183022340138754
491,11,distance,7.601476224971891,0.5563056884804747,0.561909567009325,0.56644262603707,0.5213358659364757,0.5542145957451432,0.5776257876743596,0.18410213284847496,0.19473635886468604,0.2103655738867853,0.18903386379301093,0.18884473859819476,0.19341653359823038,0.1673521569643269,0.17164934643941557,0.18286319794828,0.17540829685337467,0.17129706214637994,0.17371401207035542,0.561909567009325,0.56644262603707,0.5213358659364757,0.5542145957451432,0.5776257876743596,0.5563056884804747,0.5529537148868582,0.557579442923688,0.5115505684769147,0.5451014358625907,0.5689912211532221,0.5472352766606547,1.3755957285563151e-06,0.0008584857781728109,1.5996893246968588e-06,1.3171633084615071e-06,1.3466676076253255e-06,1.312394936879476e-06,1.3020634651184081e-06,0.0008485821882883707,0.0008652170499165852,0.0008749834696451823,0.0008434855937957764,0.0008601605892181397
492,11,distance,8.031549818579876,0.5604135809031905,0.5427171542325795,0.5347238610614418,0.5980131802836857,0.5732764189596486,0.5533372899785971,0.1914912298010189,0.20409046949106696,0.18799035163118924,0.1901908824304877,0.19612605712619313,0.1939777980959912,0.17418102633888946,0.18203182839094656,0.16372923165281913,0.17116686157064837,0.1654533647670945,0.17131246254407959,0.5427171542325795,0.5347238610614418,0.5980131802836857,0.5732764189596486,0.5533372899785971,0.5604135809031905,0.5333689529562438,0.5252122534511134,0.589795391805669,0.5645529385976653,0.5442061953955362,0.5514271464412455,1.3790130615234377e-06,0.0008559259573618571,1.6017754872639975e-06,1.3269980748494465e-06,1.3608733812967936e-06,1.3018647829691568e-06,1.303553581237793e-06,0.0008577974637349446,0.000854568878809611,0.0008461308479309082,0.0008587034543355306,0.000862429141998291
493,12,distance,8.014336499933211,0.5561737817321302,0.5450302328993242,0.529452576102188,0.5525224228888037,0.5797155984363584,0.5741480783339763,0.20091346517879644,0.199843647555832,0.20487469292980018,0.18357870860458672,0.1883762604271715,0.19551735493923736,0.17173494285012497,0.17297704830867422,0.17586449543685337,0.16737499414999926,0.1684063819908169,0.17127157254729375,0.5450302328993242,0.529452576102188,0.5525224228888037,0.5797155984363584,0.5741480783339763,0.5561737817321302,0.5357293177286118,0.5198332079816195,0.5433746700347418,0.5711237537706622,0.5654424172436998,0.5471006733518671,1.368582248687744e-06,0.00086944850285848,1.5767415364583333e-06,1.3116002082824706e-06,1.3576944669087727e-06,1.3050436973571777e-06,1.291831334431966e-06,0.0008664321899414062,0.0008650044600168864,0.0008694020907084148,0.0008618644873301188,0.0008845392862955729
494,11,distance,8.044163866892323,0.5609186372435737,0.5972696134978579,0.55188246158828,0.565332287334521,0.5394106594794015,0.5506981643178077,0.18535059257780606,0.19393248449628098,0.20190790494577182,0.18967826586940723,0.1954723629743329,0.19326832217271978,0.16339245251541684,0.17410289137050966,0.17595561960122982,0.17373387201936605,0.16943135031685205,0.1713232371646749,0.5972696134978579,0.55188246158828,0.565332287334521,0.5394106594794015,0.5506981643178077,0.5609186372435737,0.5890366243359743,0.5427216260500507,0.5564464056445964,0.5299948637617742,0.5415131182731973,0.5519425276131185,1.3595422108968098e-06,0.0008559539318084716,1.5411774317423502e-06,1.330276330312093e-06,1.3498465220133465e-06,1.2929240862528483e-06,1.2834866841634116e-06,0.000824522574742635,0.0009017924467722575,0.0008432308832804362,0.0008536879221598307,0.0008565358320871989
495,12,distance,8.074711393145225,0.5592525203397276,0.5557439706779886,0.5686112501206357,0.5538668656277261,0.5707600223987613,0.5472804928735264,0.20240137877487824,0.1917883438381917,0.19019355504062374,0.1858689996750914,0.20547647885173292,0.19514575123610362,0.1669413639700026,0.17162484695363206,0.1651709109868704,0.1748797582564725,0.17393690463857464,0.17051075696111045,0.5557439706779886,0.5686112501206357,0.5538668656277261,0.5707600223987613,0.5472804928735264,0.5592525203397276,0.5466620757003666,0.5597924000379231,0.5447465971226712,0.5619850995176457,0.5380255796102935,0.55024235039778,1.3705094655354817e-06,0.0008726062774658202,1.5510121981302898e-06,1.3313690821329752e-06,1.3700127601623535e-06,1.2975931167602539e-06,1.3025601704915364e-06,0.0008612060546875,0.0008703867594401041,0.0008558205763498942,0.0008721331755320231,0.00090348482131958
496,12,distance,7.549317863057292,0.5574450057948078,0.5650279546316067,0.5422349065964027,0.5781562265148138,0.5387426145586867,0.5630633266725291,0.19182374788377707,0.1882936434707006,0.20393560791635992,0.19775983637576652,0.18780681691854523,0.19392393051302986,0.17201920425951617,0.17246947959469797,0.17171941969636198,0.17520011467002342,0.17169938206880736,0.1726215200578814,0.5650279546316067,0.5422349065964027,0.5781562265148138,0.5387426145586867,0.5630633266725291,0.5574450057948078,0.5561358514894931,0.532876846765324,0.5695325037178424,0.529313162045406,0.5541310607782708,0.5483978849592672,1.363972822825114e-06,0.0008809247811635334,1.5630324681599935e-06,1.3168652852376302e-06,1.347362995147705e-06,1.2991825739542643e-06,1.2934207916259765e-06,0.0008835510412851969,0.0008741911252339681,0.0008856419722239176,0.0008875556786855062,0.0008736840883890787
497,12,distance,7.9957456561391345,0.563203522387271,0.5643488000859477,0.5484469591670926,0.5525940689813491,0.5674256160551004,0.5832021676468653,0.19795661077796894,0.18579616476966887,0.1974343068319966,0.19771921537655482,0.18952837938761155,0.19368693542876014,0.1749297019700916,0.17098493376194282,0.17121562991949482,0.17558343261765175,0.16002275383369507,0.1705472904205752,0.5643488000859477,0.5484469591670926,0.5525940689813491,0.5674256160551004,0.5832021676468653,0.563203522387271,0.5554428130348937,0.5392158918928254,0.5434477807833529,0.5585825281379986,0.5746815986720142,0.5542741225042169,1.3598004976908366e-06,0.000867697556813558,1.5325347582499186e-06,1.3126929601033529e-06,1.3630588849385579e-06,1.2981891632080079e-06,1.2925267219543456e-06,0.000872574249903361,0.000866547425587972,0.0008572359879811605,0.0008725297451019288,0.0008696003754933675
498,12,distance,8.358675526724129,0.5508279441997261,0.5830819175575643,0.5622516302162834,0.5552235021443789,0.5531902882304578,0.5003923828499462,0.19678275400634732,0.1926701974614881,0.18929932777343453,0.19624696119390317,0.1992037902504204,0.1948406061371187,0.16594327684524762,0.17970918898620655,0.17724936244009779,0.16926578413261134,0.17803689045944135,0.17404090057272095,0.5830819175575643,0.5622516302162834,0.5552235021443789,0.5531902882304578,0.5003923828499462,0.5508279441997261,0.5745588903185367,0.5533027708680643,0.5461309672648772,0.5440561885009271,0.4901789392284801,0.5416455512361771,1.3726353645324707e-06,0.0008635814984639487,1.5487273534138998e-06,1.318355401357015e-06,1.3678272565205892e-06,1.3149778048197429e-06,1.3132890065511069e-06,0.0008544898033142089,0.0008691215515136719,0.0008691664536794026,0.0008545335133870442,0.0008705961704254151
499,12,distance,7.554466701007591,0.5550097588194481,0.518968671741388,0.5327079815572302,0.5911020753572525,0.5628602483039804,0.5694098171373897,0.20243179928698807,0.20240271233368964,0.19075162383778982,0.19456997238230833,0.18749595612165584,0.19553041279248634,0.1797447882571856,0.17962615568517437,0.15816624371493657,0.167229959078909,0.17526678811470348,0.1720067869701818,0.518968671741388,0.5327079815572302,0.5911020753572525,0.5628602483039804,0.5694098171373897,0.5550097588194481,0.5091349818962376,0.5231551634629998,0.5827430036439425,0.553923830892818,0.5606072921044232,0.5459128544000842,1.3685425122578937e-06,0.0008787299791971842,1.5387932459513346e-06,1.3145804405212402e-06,1.3731916745503744e-06,1.3099114100138346e-06,1.3062357902526855e-06,0.000870970884958903,0.0008822878201802572,0.0008822826544443766,0.0008704793453216552,0.0008876291910807292
500,13,distance,9.999879756871032,0.5554861798680291,0.5636537952314031,0.5595039286867945,0.5472133231595301,0.5477315428338864,0.5593283094285313,0.19568163550706227,0.19928160612996035,0.19715149228071407,0.19435544566486002,0.19254813347339877,0.1958036626111991,0.17259503885963667,0.17097794562874763,0.17255763376589403,0.17227661227543478,0.16872477747707262,0.17142640160135714,0.5636537952314031,0.5595039286867945,0.5472133231595301,0.5477315428338864,0.5593283094285313,0.5554861798680291,0.5547336002446516,0.5504988982681259,0.5379570367505255,0.5384858503534888,0.5503196888376325,0.5463990148908848,1.3747016588846842e-06,0.0008751571973164877,1.5798211097717285e-06,1.3356407483418784e-06,1.3463695844014486e-06,1.309812068939209e-06,1.3018647829691568e-06,0.0008856852849324545,0.0008779509862263998,0.0008540574709574382,0.0008702683448791504,0.0008878238995869954
501,14,distance,10.0,0.5458327135953315,0.5472697010037564,0.5700636604021224,0.5563166875832364,0.5326550216867257,0.5228584973008163,0.1963643695573561,0.19546868906592116,0.19155357489210875,0.2048065147231367,0.20017482419210936,0.1976735944861264,0.1687606425808405,0.16982835116191672,0.17246045272750055,0.18377878227921982,0.1731563914544586,0.17359692404078725,0.5472697010037564,0.5700636604021224,0.5563166875832364,0.5326550216867257,0.5228584973008163,0.5458327135953315,0.5380145671230836,0.5612745018413481,0.547246500617306,0.5231011209375618,0.5131043268878859,0.5365482034814371,1.3760526974995932e-06,0.000920856237411499,1.5675028165181477e-06,1.3236204783121745e-06,1.3686219851175944e-06,1.316368579864502e-06,1.3041496276855468e-06,0.0008985332647959392,0.0009285549322764079,0.0009234925111134847,0.0009294672807057698,0.0009242331981658935
502,14,distance,10.0,0.5566718075320468,0.565191972483219,0.5494660415534441,0.5816796130585422,0.5459339003989525,0.5410875101660761,0.19604285073717512,0.19044300069996795,0.19261385481797352,0.1976991801323487,0.20197252805536187,0.19575428288856545,0.17071918484053739,0.1737018248842597,0.1572172193306839,0.17453095392095516,0.17789525561205977,0.17081288771769917,0.565191972483219,0.5494660415534441,0.5816796130585422,0.5459339003989525,0.5410875101660761,0.5566718075320468,0.5563032223465898,0.5402558073092215,0.5731279186065874,0.536651458839817,0.5317059941899143,0.5476088802584259,1.370728015899658e-06,0.0009194327195485432,1.5806158383687338e-06,1.3335545857747397e-06,1.336534818013509e-06,1.3013680775960286e-06,1.30156675974528e-06,0.0009400490919748942,0.0009078049659729004,0.0009169673919677734,0.000915373166402181,0.0009169689814249674
503,14,distance,10.0,0.5506084995964485,0.5455055680908144,0.5433625699788132,0.5700775282400035,0.5282109906647979,0.5658858410078138,0.2013712273195374,0.19551680332373295,0.18925983706167523,0.20299003192891144,0.19324181535818027,0.19647594299840748,0.17255090333338455,0.1743249804746795,0.16360085550921652,0.18189748730981792,0.17117597173402435,0.17271003967222456,0.5455055680908144,0.5433625699788132,0.5700775282400035,0.5282109906647979,0.5658858410078138,0.5506084995964485,0.5362143701642212,0.5340275628914976,0.5612886531784702,0.5185662408998535,0.5570112755769685,0.5414216205422022,1.366754372914632e-06,0.0009157271385192873,1.5447537104288738e-06,1.3417998949686686e-06,1.3551115989685058e-06,1.3025601704915364e-06,1.2895464897155763e-06,0.0009003229935963949,0.0009205826123555501,0.0009196539719899496,0.0008991976579030355,0.0009388784567515055
504,14,distance,9.999186802182443,0.5484736961126611,0.5548704338846675,0.5174233840432461,0.5914893483972672,0.576361648595179,0.5022236656429458,0.19668689208924703,0.20306878366304293,0.17849241822742806,0.19152989479289287,0.21798527586308097,0.1975526529271384,0.1725373823165459,0.1790383622104276,0.15738894346866483,0.16501651472951934,0.1884555677069192,0.17248735408641538,0.5548704338846675,0.5174233840432461,0.5914893483972672,0.576361648595179,0.5022236656429458,0.5484736961126611,0.5457706812553933,0.5075581039896156,0.5831381936796645,0.5677012393671418,0.49204765880770795,0.5392431754199046,1.3809402783711751e-06,0.0008991986115773519,1.5799204508463542e-06,1.3480583826700847e-06,1.362462838490804e-06,1.3105074564615886e-06,1.3037522633870444e-06,0.0008977568149566651,0.0009071489175160725,0.0008938884735107421,0.0009056007862091064,0.0008915980656941731
505,14,distance,10.0,0.5458290665729558,0.5818374712273039,0.585978094778711,0.5166715636340122,0.5028716569026572,0.5417865463220946,0.18332567409301476,0.1900106757299131,0.2057207470188655,0.20882273257872289,0.2036036725152916,0.19829670038716157,0.1641397409072639,0.1601135732809355,0.1864429175762634,0.17968424239039874,0.17354452048260516,0.17278499892749333,0.5818374712273039,0.585978094778711,0.5166715636340122,0.5028716569026572,0.5417865463220946,0.5458290665729558,0.5732890038588672,0.5775142738883269,0.506790914168268,0.49270889690748154,0.5324193206932447,0.5365444819032377,1.4045635859171548e-06,0.0009141790866851806,1.625816027323405e-06,1.3510386149088542e-06,1.4310081799825032e-06,1.3090173403422037e-06,1.3059377670288086e-06,0.0009059337774912517,0.0009251745541890462,0.000909873644510905,0.0009062623977661133,0.0009236510594685872
506,14,distance,10.0,0.5551791547001655,0.5650430219395763,0.5811596607527136,0.5482972361036969,0.5080998208817178,0.573296033823123,0.2034638242535815,0.19011534833404473,0.1956086676129745,0.20278615980890816,0.1894521005000512,0.19628522010191202,0.16952632395795994,0.16447136773796997,0.17209853423196608,0.1856289298677304,0.16379201947554586,0.17110343505423448,0.5650430219395763,0.5811596607527136,0.5482972361036969,0.5080998208817178,0.573296033823123,0.5551791547001655,0.5561512268173872,0.5725973369520877,0.5390631080513022,0.4980439398775961,0.5645729544464236,0.5460857132289594,1.3849933942159018e-06,0.0009183848698933919,1.5942255655924479e-06,1.3494491577148438e-06,1.3622641563415528e-06,1.3138850529988607e-06,1.3051430384318035e-06,0.0009158249696095785,0.0009121863047281901,0.0009137523174285888,0.0009222129980723063,0.0009279477596282959
507,14,uniform,9.989635593807794,0.5387479605823849,0.4989403533654373,0.5361368565448984,0.571588169845411,0.5442237515703385,0.5428506715858394,0.20422669310170014,0.1969895104045967,0.2028832282883794,0.20285921657210948,0.1906528329036449,0.1995222962540861,0.1873078411423303,0.16982541267666224,0.17020519070222756,0.16823894969796133,0.17575037411693928,0.17426555366722413,0.4989403533654373,0.5361368565448984,0.571588169845411,0.5442237515703385,0.5428506715858394,0.5387479605823849,0.4886972260066388,0.5266541347025454,0.5628301767247039,0.5349063495581479,0.5335051997954307,0.5293186173574933,1.382450262705485e-06,0.0008902429739634198,1.5992919603983561e-06,1.3413031895955404e-06,1.3496478398640951e-06,1.3111035029093424e-06,1.310904820760091e-06,0.0008744545777638754,0.0008815081914265951,0.0008949168523152669,0.0008865066369374593,0.0009138286113739014
508,14,distance,10.0,0.5459427517368711,0.5155745481721956,0.5377051972768179,0.5432848694292303,0.571674177962765,0.5614749658433472,0.203280369342618,0.19622244351390056,0.19748047084433296,0.19285579836058275,0.2010764853028337,0.1981831134728536,0.17741225095815102,0.17860354066844183,0.17346463818634647,0.15959887906221984,0.17488257877627605,0.17279237753028703,0.5155745481721956,0.5377051972768179,0.5432848694292303,0.571674177962765,0.5614749658433472,0.5459427517368711,0.5056714724959884,0.5282545369145041,0.5339482739150068,0.5629179430999935,0.5525102291995997,0.5366604911250186,1.3671120007832845e-06,0.0009127040704091391,1.555184523264567e-06,1.3399124145507813e-06,1.3452768325805664e-06,1.2949109077453614e-06,1.3002753257751466e-06,0.0009208925565083822,0.0009001326560974121,0.0008816421031951904,0.000914994478225708,0.0009458585580190023
509,14,distance,10.0,0.5476469999724065,0.5989748782230411,0.5289863717603256,0.5602253033772584,0.5278828959546431,0.5221655505467643,0.19163688051462804,0.1988572254430631,0.1978485645015361,0.19996521368661552,0.20123086828267434,0.19790775048570344,0.1543597620463871,0.1786709185860681,0.17401979265426745,0.1736984345168416,0.18008304988780818,0.1721663915382745,0.5989748782230411,0.5289863717603256,0.5602253033772584,0.5278828959546431,0.5221655505467643,0.5476469999724065,0.5907767496688272,0.5193574730569592,0.5512350199710013,0.5182314389724552,0.5123972142717408,0.5383995791881967,1.3744632403055826e-06,0.0009083216190338136,1.5633304913838703e-06,1.3420979181925455e-06,1.3574957847595214e-06,1.3004740079243977e-06,1.3089179992675782e-06,0.0008985205491383871,0.0009237511952718099,0.0009083751837412516,0.0009236772855122884,0.0008872838815053304
510,13,distance,9.963097605953472,0.5535744044927149,0.5711605839407317,0.553942892289688,0.5609069198832454,0.5283795420250796,0.5534820843248303,0.18832934546261956,0.20305969409338975,0.19430445261830362,0.20372730648323467,0.18642682927188342,0.1951695255858862,0.16485716216787247,0.17454320963083095,0.16455580179090515,0.18543759879281646,0.17544426484691117,0.17296760744586726,0.5711605839407317,0.553942892289688,0.5609069198832454,0.5283795420250796,0.5534820843248303,0.5535744044927149,0.5623938497112406,0.5448241779923733,0.5519305707156115,0.5187382379438207,0.5443539497624759,0.5444481572251043,1.376191775004069e-06,0.0008726442654927571,1.5569726626078287e-06,1.3407071431477864e-06,1.3664364814758301e-06,1.3119975725809733e-06,1.3048450152079264e-06,0.0008909936745961507,0.0008644640445709228,0.0008788498242696126,0.0008515739440917969,0.0008773398399353027
511,14,distance,10.0,0.5463696247040378,0.5367689742020116,0.5162044896003087,0.5689025705327106,0.5783214101839842,0.5316506790011737,0.1997360120930958,0.19347963185755915,0.1998535452569213,0.19277564391682395,0.2057644689682813,0.19832186041853628,0.17683778129638383,0.1791144009777448,0.1652492934557598,0.1664138019532303,0.17529446432917242,0.17258194840245822,0.5367689742020116,0.5162044896003087,0.5689025705327106,0.5783214101839842,0.5316506790011737,0.5463696247040378,0.5272991746967717,0.506314291772717,0.5600896758928342,0.569701064225224,0.5220762465446389,0.5370960906264373,1.3718803723653159e-06,0.0009094356695810953,1.563727855682373e-06,1.3267000516255696e-06,1.3708074887593588e-06,1.2977917989095052e-06,1.3003746668497721e-06,0.0008954902489980062,0.0009060752391815186,0.0009169383843739828,0.0009354921181996663,0.000893182357152303
512,14,distance,10.0,0.5440725025675837,0.548557686637783,0.5201479954013166,0.5965205597338377,0.49763664796936424,0.5574996230956167,0.2033333365378811,0.21119763715123957,0.18515035912688627,0.20226413623634498,0.18922453472866332,0.19823400075620304,0.17130176957379747,0.17740545163134222,0.16029054202100268,0.18529006398243814,0.17188925938303096,0.17323541731832232,0.548557686637783,0.5201479954013166,0.5965205597338377,0.49763664796936424,0.5574996230956167,0.5440725025675837,0.5393288829574652,0.5103384143873742,0.588272257718175,0.48736686905221327,0.5484536187977418,0.5347520085825939,1.385152339935303e-06,0.0009227852821350098,1.5923380851745605e-06,1.3679265975952148e-06,1.3513366381327311e-06,1.3125936190287273e-06,1.30156675974528e-06,0.0009121652444203695,0.0008788156509399414,0.0009611026446024577,0.0009195999304453531,0.0009422429402669271
513,13,distance,9.984633585739857,0.549085994326162,0.5543084067215991,0.5549261941086177,0.5117806081832549,0.5852415022434365,0.5391732603739019,0.20253155983968563,0.19161273534695658,0.19169148197725297,0.1916678983697146,0.20509110463471397,0.19651895603366473,0.1705720866514167,0.1634508727574271,0.18089265465635085,0.17070434199270298,0.17918008053434026,0.17296000731844757,0.5543084067215991,0.5549261941086177,0.5117806081832549,0.5852415022434365,0.5391732603739019,0.549085994326162,0.545197164610286,0.545827581381707,0.5017999732568478,0.5767626232433023,0.5297526115229425,0.5398679908030172,1.3760924339294433e-06,0.0008675719102223714,1.5997886657714844e-06,1.3227264086405436e-06,1.3360381126403808e-06,1.318355401357015e-06,1.303553581237793e-06,0.0008649233976999918,0.0008387362957000732,0.0008802485466003418,0.0008816103140513103,0.00087234099706014
514,14,distance,10.0,0.5490790146363729,0.5782273040574828,0.5696225994541104,0.5185249537005909,0.5540227973611465,0.5249974186085336,0.1931840592847141,0.1898266125656192,0.19773655573737334,0.19454527330401053,0.2112050895227208,0.1972995180828876,0.16491931336993065,0.16931990795233137,0.17644260474119774,0.16799237045538626,0.18149392644424753,0.17203362459261873,0.5782273040574828,0.5696225994541104,0.5185249537005909,0.5540227973611465,0.5249974186085336,0.5490790146363729,0.5696050342937515,0.5608244243151825,0.5086821929585246,0.5449057165576264,0.5152869740145002,0.539860868427917,1.3851722081502277e-06,0.0009161086877187092,1.564323902130127e-06,1.3295809427897136e-06,1.3808409372965495e-06,1.3256072998046874e-06,1.3255079587300618e-06,0.0009073249499003093,0.0009327475229899088,0.0009117345015207927,0.0009002089500427246,0.0009285275141398112
515,14,distance,10.0,0.5437743795839569,0.5698695114319938,0.5732833205815588,0.5121379415146943,0.565255308070594,0.4983258163209431,0.1928025346736251,0.1981693243591941,0.1993952822988705,0.197915151169603,0.2024965964707542,0.19815577779440935,0.16545368619453527,0.17473573456964117,0.17632006148230403,0.17067458344681868,0.18099503841090364,0.17363582082084056,0.5698695114319938,0.5732833205815588,0.5121379415146943,0.565255308070594,0.4983258163209431,0.5437743795839569,0.5610763838973838,0.5645599813089501,0.5021646115286234,0.5563678526989537,0.48807012602426725,0.5344477910916356,1.3658205668131512e-06,0.0009102744261423746,1.5701850255330404e-06,1.3269980748494465e-06,1.3440847396850586e-06,1.2940168380737305e-06,1.2938181559244792e-06,0.0009288263320922852,0.0009201403458913167,0.0008951246738433838,0.0009094802538553874,0.0008978005250295004
516,13,uniform,9.998791794648263,0.5450568320642428,0.537312809273073,0.5305365792024284,0.5124268548998359,0.5589738215745136,0.5860340953713636,0.19588514748178742,0.2122876213119565,0.20210367406606736,0.19424024574751436,0.18838309957078975,0.19857995763562308,0.17347773590132573,0.17479173156890265,0.1827571428417821,0.1671208163047212,0.16552811395935643,0.1727351081152176,0.537312809273073,0.5305365792024284,0.5124268548998359,0.5589738215745136,0.5860340953713636,0.5450568320642428,0.5278541273502058,0.520939371281524,0.5024594311499176,0.5499579542131748,0.5775714192971837,0.5357564606584011,1.3598203659057617e-06,0.0008685279687245688,1.5343228975931804e-06,1.3228257497151692e-06,1.3381242752075195e-06,1.3041496276855468e-06,1.2996792793273926e-06,0.0008906491597493489,0.0008719817797342936,0.0008756593863169352,0.0008506226539611816,0.000853726863861084
517,13,distance,9.979972709237796,0.5558265438266817,0.5395759168633858,0.5216671504702328,0.5649227430731119,0.5619318747525626,0.5910350339741155,0.19584089610589528,0.19787969982354936,0.19578230289027473,0.19460599162937753,0.19086028829886592,0.19499383574959256,0.17824821532630433,0.17832664659677178,0.1693072916433117,0.17153931219735755,0.16315601180404993,0.17211549551355904,0.5395759168633858,0.5216671504702328,0.5649227430731119,0.5619318747525626,0.5910350339741155,0.5558265438266817,0.5301634994909167,0.5118886254372563,0.5560284890984566,0.5529764786657325,0.5826745917384927,0.5467463368861709,1.3549526532491048e-06,0.0008733599980672201,1.5212098757425945e-06,1.3085206349690755e-06,1.347362995147705e-06,1.3059377670288086e-06,1.2917319933573405e-06,0.0008831783135732015,0.0008722476164499919,0.0008967490990956624,0.0008377707004547119,0.0008768542607625326
518,13,uniform,9.993771470706253,0.5403082105993929,0.5825520771667321,0.5804287899695264,0.5299905279369805,0.4938607366588522,0.5147089212648732,0.184981402177052,0.20114093146349799,0.20616211131300258,0.1981113995162571,0.20649289187764833,0.1993777472694916,0.15779968466463093,0.16592183441547761,0.18106746597518428,0.1794918066268347,0.18003480037492586,0.17286311841141067,0.5825520771667321,0.5804287899695264,0.5299905279369805,0.4938607366588522,0.5147089212648732,0.5403082105993929,0.5740182184376023,0.5718515250285287,0.5203821571281966,0.4835137670505153,0.5047881496382608,0.5309107634566208,1.3522505760192872e-06,0.0008709576924641928,1.5419721603393555e-06,1.300672690073649e-06,1.3279914855957032e-06,1.2981891632080079e-06,1.29242738087972e-06,0.0008697152137756347,0.0008600326379140218,0.0008511654535929362,0.0008893473943074544,0.0008845277627309164
519,14,uniform,9.999625154315158,0.5415623078543285,0.5425753405749502,0.5868217603178114,0.5052993736648556,0.5204483792743847,0.5526666854396406,0.19702622613812237,0.19246343944794048,0.20014478750096784,0.2050301961612721,0.20018729755852524,0.1989703893613656,0.17154301475770828,0.16537590387499818,0.1806180307730283,0.1767783241927195,0.1728189710417391,0.17342684892803867,0.5425753405749502,0.5868217603178114,0.5052993736648556,0.5204483792743847,0.5526666854396406,0.5415623078543285,0.5332242402119167,0.5783751864231159,0.4951862433138816,0.5106449389869786,0.5435218817348292,0.5321904981341444,1.361509164174398e-06,0.0008846516609191894,1.555184523264567e-06,1.3028581937154135e-06,1.3538201649983725e-06,1.2951095898946125e-06,1.3005733489990235e-06,0.0008758119742075602,0.0008730264504750569,0.0008843374252319336,0.000911633570988973,0.0008784488836924235
520,13,distance,2.0019464371049898,0.6245351891745659,0.6068423692204117,0.6042481326812212,0.6578477832680469,0.6141011548016378,0.639636505901511,0.18541668245285362,0.18595650702991834,0.16730081044002088,0.17469872503401215,0.17688036183385797,0.1780506173581326,0.16285242067095426,0.16426640770128867,0.15172952220182737,0.16195049731108765,0.15859232390581232,0.15987823435819407,0.6068423692204117,0.6042481326812212,0.6578477832680469,0.6141011548016378,0.639636505901511,0.6245351891745659,0.598805075235139,0.5961578048995767,0.6508531893995914,0.6062122516630001,0.6322696201618485,0.6168595882718311,1.3769268989562988e-06,0.001322474161783854,1.5863776206970214e-06,1.3534228006998698e-06,1.350243886311849e-06,1.2923280398050945e-06,1.3022621472676595e-06,0.0013283324241638184,0.0013182759284973145,0.0012961602210998535,0.0013226215044657389,0.0013469807306925455
521,13,distance,2.006730742805315,0.6147617410000981,0.6225105068506946,0.6080421808271412,0.6392708165166434,0.6231648227828486,0.5808203780231626,0.18382132672299548,0.17128350127623101,0.17433198361144212,0.17923746744348767,0.1880646840845987,0.179347792627751,0.16367526949632377,0.158468302246569,0.15734582433288632,0.15596949197894067,0.17780826482032785,0.16265343057500953,0.6225105068506946,0.6080421808271412,0.6392708165166434,0.6231648227828486,0.5808203780231626,0.6147617410000981,0.6147935155086305,0.6000294145067421,0.6318964550144284,0.6154612075756836,0.5722511182893941,0.6068863421789757,1.3737877209981282e-06,0.0013235320250193278,1.572271188100179e-06,1.346766948699951e-06,1.365045706431071e-06,1.2948115666707356e-06,1.2900431950887045e-06,0.0013271594047546387,0.0013390751679738363,0.001320323944091797,0.0012976404031117758,0.0013334612051645915
522,14,distance,2.0050992264679897,0.6219848876984836,0.6041940334388451,0.631992528282344,0.6209156639785571,0.6221280162183815,0.63069419657429,0.180447395740144,0.17933370176635927,0.1782467066580411,0.17858632242283248,0.17866750755513464,0.17905632682850228,0.1637172444588555,0.1550169665163814,0.16042866801205768,0.16302568820648652,0.1573255769876091,0.15990282883627804,0.6041940334388451,0.631992528282344,0.6209156639785571,0.6221280162183815,0.63069419657429,0.6219848876984836,0.5961025997101674,0.6244693772421193,0.6131660693750524,0.6144032056470368,0.6231445038296417,0.6142571511608036,1.365979512532552e-06,0.0013367602030436199,1.5775362650553384e-06,1.3358394304911295e-06,1.3327598571777343e-06,1.2891491254170736e-06,1.2946128845214843e-06,0.0013685150941212972,0.0013168942928314209,0.001313555637995402,0.0013516350587209065,0.0013332009315490724
523,14,distance,2.0003605353785776,0.6144068926423912,0.5940686196197417,0.628320099964891,0.6401742983537921,0.5977468914091892,0.6117245538643422,0.1805459399751912,0.17362974223859756,0.17665163484457694,0.1948375080838395,0.1809212488795502,0.1813172148043511,0.16749710371795717,0.15486235057573947,0.15703640065754484,0.1680912249689419,0.15754594720125306,0.1610066054242873,0.5940686196197417,0.628320099964891,0.6401742983537921,0.5977468914091892,0.6117245538643422,0.6144068926423912,0.5857701927635866,0.6207218737290796,0.6328184066676686,0.5895236592063107,0.603787066038741,0.6065242396810773,1.3696750005086265e-06,0.001342306613922119,1.5796224276224771e-06,1.336534818013509e-06,1.3492504755655925e-06,1.28785769144694e-06,1.2951095898946125e-06,0.0013408740361531577,0.0013537327448527017,0.0013514840602874756,0.0013318697611490885,0.0013335724671681723
524,14,distance,2.0008295875039916,0.6190038712452921,0.6458777716114388,0.614511889962879,0.5880983430351231,0.6156960501281388,0.6308353014888808,0.17568199634529338,0.17237396409460695,0.18799488417353208,0.18633556128804116,0.17520652533637465,0.17951858624756967,0.15556019149730174,0.15312621969755535,0.17184048026489834,0.1677020963567075,0.15525463619035731,0.16069672480136404,0.6458777716114388,0.614511889962879,0.5880983430351231,0.6156960501281388,0.6308353014888808,0.6190038712452921,0.6386384756307527,0.606631383454454,0.5796778662317525,0.6078397513232625,0.6232884933421459,0.6112151939964735,1.360476016998291e-06,0.001333830753962199,1.5656153361002604e-06,1.338819662729899e-06,1.3248125712076823e-06,1.285374164581299e-06,1.2877583503723145e-06,0.0013338891665140788,0.0013469727834065756,0.0013175058364868165,0.001340848207473755,0.0013299377759297688
525,8,distance,2.0,0.6269356569368588,0.6246781383943307,0.6354792094871184,0.6043078312224817,0.6387244373413468,0.631488668239016,0.1689831580462933,0.17719104075695702,0.18218564459026076,0.17693937488565714,0.1730548697580312,0.17567081760743988,0.15714819078080333,0.15603460049464693,0.16664923777451648,0.16877185353572757,0.15586816884542837,0.1608944102862245,0.6246781383943307,0.6354792094871184,0.6043078312224817,0.6387244373413468,0.631488668239016,0.6269356569368588,0.6170054597925112,0.62802733642723,0.5962187238539464,0.6313389062478139,0.6239552168231185,0.619309128628924,1.344025135040283e-06,4.2451699574788416e-05,1.5214085578918456e-06,1.3318657875061034e-06,1.3177593549092611e-06,1.2652079264322917e-06,1.283884048461914e-06,4.3891270955403646e-05,4.315495491027832e-05,4.279335339864095e-05,4.1600465774536136e-05,4.081845283508301e-05
526,8,distance,2.0,0.6178032917449107,0.5956322080631988,0.6507437151765146,0.5910724339280824,0.6431258304147511,0.6084422711420066,0.1820322352571769,0.17801847008096705,0.17668041959567474,0.1753588566687492,0.17637031172042564,0.1776920586645987,0.17085760359405366,0.1515188830675265,0.17051499071639645,0.15915005041132635,0.1630688314493206,0.16302207184772471,0.5956322080631988,0.6507437151765146,0.5910724339280824,0.6431258304147511,0.6084422711420066,0.6178032917449107,0.5873657455363818,0.6436038933402595,0.5827127562571062,0.6358302766923951,0.6004376838399692,0.6099900711332223,1.3509194056193035e-06,4.2380889256795246e-05,1.569390296936035e-06,1.3500452041625976e-06,1.2965997060139974e-06,1.275638739267985e-06,1.2629230817159016e-06,4.3125549952189126e-05,4.3071508407592774e-05,4.217068354288737e-05,4.2490561803181966e-05,4.1046142578125e-05
527,14,distance,2.0019096609894866,0.6201158602931531,0.6432794017232877,0.644592443868726,0.6066778255770706,0.5778128691425128,0.6282167611541688,0.17187228439476632,0.17309527019747592,0.18939020779170998,0.18663195483059614,0.17397193408749292,0.17899233026040826,0.14652411486965028,0.16365380891938558,0.16386585793125616,0.1699334661961859,0.1588454246482432,0.16056453451294422,0.6432794017232877,0.644592443868726,0.6066778255770706,0.5778128691425128,0.6282167611541688,0.6201158602931531,0.6359869874484656,0.6373268720227716,0.5986371678375899,0.5691821271147619,0.6206164223702677,0.6123499153587714,1.3758142789204914e-06,0.0013295462926228838,1.6060471534729004e-06,1.3480583826700847e-06,1.3435880343119304e-06,1.2903412183125814e-06,1.291036605834961e-06,0.00132682998975118,0.0013527663548787434,0.0013043836752573649,0.0013222142060597738,0.0013415372371673583
528,8,distance,2.0,0.6282691809639862,0.6144092934109315,0.6145638006520977,0.6425398560781836,0.6136573823377154,0.656175572341003,0.17686100265702917,0.17302846065599561,0.17133407174505996,0.17861539987317573,0.17522874873323643,0.17501353673289938,0.16979535814317612,0.1671883994598737,0.15652498484270977,0.1603459252635076,0.15189846281684125,0.16115062610522168,0.6144092934109315,0.6145638006520977,0.6425398560781836,0.6136573823377154,0.656175572341003,0.6282691809639862,0.6065266895283612,0.6066843553502667,0.6352323233233936,0.6057594071895938,0.6491467935813642,0.6206699137945959,1.3335943222045898e-06,4.235196113586426e-05,1.535813013712565e-06,1.3358394304911295e-06,1.2926260630289714e-06,1.26113494237264e-06,1.2425581614176433e-06,4.364768664042155e-05,4.2576789855957034e-05,4.2551755905151366e-05,4.185358683268229e-05,4.112998644510905e-05
529,8,distance,2.0,0.6174880947366546,0.619545999296352,0.5792337609487789,0.6566457286206608,0.5864606090358531,0.645554375781628,0.1716884542976987,0.18249839780100663,0.17390311424273883,0.18312167073240654,0.17670240290132108,0.17758280799503434,0.1612512532166661,0.17406518911973284,0.15298252509366042,0.17137434475518054,0.15665435735376915,0.16326553390780182,0.619545999296352,0.5792337609487789,0.6566457286206608,0.5864606090358531,0.645554375781628,0.6174880947366546,0.6117684047334154,0.5706320661129788,0.6496265612330082,0.5780066521507257,0.6383084686425812,0.6096684305745418,1.3225674629211426e-06,4.245710372924805e-05,1.5410780906677246e-06,1.3027588526407877e-06,1.2660026550292968e-06,1.2513001759847005e-06,1.2516975402832031e-06,4.3265422185262044e-05,4.252314567565918e-05,4.12905216217041e-05,4.271785418192545e-05,4.2488574981689455e-05
530,14,distance,2.0155787107974117,0.6149521498898128,0.6281845983403664,0.6005128676698397,0.614055975991417,0.6313037667731705,0.6007035406742705,0.1822896058739733,0.1838416015031021,0.1771625294157544,0.17391571817811532,0.18542845511392955,0.18052758201697494,0.1557103212434541,0.16505583489093667,0.16190858343043407,0.15333301090565504,0.16961574341930508,0.161124698777957,0.6281845983403664,0.6005128676698397,0.614055975991417,0.6313037667731705,0.6007035406742705,0.6149521498898128,0.6205836020543092,0.5923461801264633,0.6061661492655175,0.6237665354295214,0.5925407510458058,0.6070806435843235,1.3713836669921874e-06,0.0013310914039611817,1.5750527381896973e-06,1.3423959414164226e-06,1.33514404296875e-06,1.3002753257751466e-06,1.3040502866109213e-06,0.0013150731722513834,0.001351923942565918,0.0013299083709716797,0.0013181384404500325,0.0013404130935668946
531,14,distance,2.0161514373184106,0.6177158367348594,0.5989196880992226,0.6190139843696947,0.6284999337943076,0.6297735004718815,0.6123720769391908,0.18172366699023834,0.18301158008980684,0.18128850917123573,0.1757526029618125,0.1757676311717391,0.17950879807696649,0.1673012928048007,0.15367532753643373,0.16196141082346735,0.16000219606013344,0.16361301771002482,0.161310648986972,0.5989196880992226,0.6190139843696947,0.6284999337943076,0.6297735004718815,0.6123720769391908,0.6177158367348594,0.5907204312971623,0.6112255138627719,0.62090538388891,0.6222049860011193,0.6044478263825814,0.609900828286509,1.3667146364847819e-06,0.0013325588703155516,1.5706817309061686e-06,1.331468423207601e-06,1.3412038485209146e-06,1.2975931167602539e-06,1.2926260630289714e-06,0.0013317708174387613,0.0013229175408681234,0.0013406574726104736,0.0013486429055531819,0.0013188056151072183
532,12,distance,2.0011298185468354,0.6240932130219079,0.6561759579403186,0.6542937229731801,0.5714693255389691,0.6482896028962724,0.5902374557607988,0.1767148583987358,0.16869010552166305,0.18516780673565977,0.16931191383704194,0.19177672405811297,0.1783322817102427,0.1559667277565536,0.15150396490270535,0.16815559369823468,0.15526596602731768,0.16561965880710056,0.1593023822383824,0.6561759579403186,0.6542937229731801,0.5714693255389691,0.6482896028962724,0.5902374557607988,0.6240932130219079,0.6491471870634596,0.647226473698356,0.5627089028924063,0.6410996118140837,0.5818607086894693,0.6164085768315549,1.3661583264668782e-06,0.0012998221715291342,1.5586614608764648e-06,1.3408064842224122e-06,1.3520320256551107e-06,1.2902418772379558e-06,1.2890497843424478e-06,0.001293790340423584,0.0013001743952433269,0.0012999780972798665,0.0012957863012949627,0.0013093817234039306
533,13,distance,2.009191112475281,0.6228465262881405,0.6001551156360075,0.6321101586601652,0.6407438579704952,0.6227471946206122,0.618476304553423,0.18151363815373292,0.18274778266185138,0.16954576403674215,0.1756653368365429,0.18463846147203752,0.17882219663218138,0.1643477568683296,0.16180312226508867,0.15412604521106604,0.15775812799205022,0.1600625452015467,0.15961951950761624,0.6001551156360075,0.6321101586601652,0.6407438579704952,0.6227471946206122,0.618476304553423,0.6228465262881405,0.5919811145927913,0.6245894123295382,0.6333996097518341,0.6150350418700966,0.6106768422955713,0.6151364041679663,1.3659000396728518e-06,0.0013176298936208087,1.5541911125183105e-06,1.335740089416504e-06,1.3509392738342285e-06,1.2942155202229819e-06,1.294414202372233e-06,0.00131112535794576,0.0013209843635559081,0.0013081320126851399,0.0013091135025024413,0.001338794231414795
534,15,distance,2.0011111512230597,0.6154012487711243,0.6297810060112534,0.6039590757507416,0.5694422799503849,0.6544611122339863,0.6193627699092559,0.17398009218465044,0.19440209758138954,0.1845746919543442,0.17181450591320263,0.17786319539308995,0.18052691660533535,0.1594917456963562,0.167846318774956,0.1703991615084419,0.15010708711940957,0.1577828246766899,0.16112542755517073,0.6297810060112534,0.6039590757507416,0.5694422799503849,0.6544611122339863,0.6193627699092559,0.6154012487711243,0.6222126449757084,0.5958628387984569,0.560640418552437,0.6473972848861291,0.6115814296007569,0.6075389233626977,1.3659199078877767e-06,0.00135088324546814,1.5243887901306152e-06,1.347661018371582e-06,1.3515353202819825e-06,1.3026595115661621e-06,1.3033548990885417e-06,0.0013505903879801433,0.0013363516330718993,0.0013561443487803142,0.001352371374766032,0.0013589584827423096
535,13,distance,2.007255302251443,0.6114166156902133,0.6196034476657619,0.6014320306057195,0.6073463904911508,0.6187426185177489,0.6099585911706856,0.17393553461887076,0.1799729749646879,0.18360347953003242,0.1879254605603693,0.17736851980385338,0.18056119389556274,0.16112981246622576,0.16534827536735408,0.16260771466405968,0.16188482623564066,0.1648645980387206,0.16316704535440016,0.6196034476657619,0.6014320306057195,0.6073463904911508,0.6187426185177489,0.6099585911706856,0.6114166156902133,0.6118270275158286,0.5932841334460408,0.5993194001775117,0.6109486004976689,0.6019850018930847,0.603472832706027,1.3588070869445803e-06,0.001316635608673096,1.5378991762797037e-06,1.3385216395060222e-06,1.334846019744873e-06,1.2896458307902018e-06,1.2931227684020996e-06,0.0013013776143391926,0.0013486067454020181,0.0013066450754801431,0.0013075613975524903,0.0013189872105916342
536,8,distance,2.0,0.6225563441916004,0.6245454544668415,0.6254174867027247,0.597216643132449,0.6128000810870899,0.652802055568897,0.16750189177770636,0.1818624115565693,0.18606626158307232,0.16951102806594792,0.1726423639812728,0.17551679139291373,0.15540964131887444,0.16090186451928618,0.16703698127870087,0.1777083482029117,0.15427539958417133,0.16306644698078893,0.6245454544668415,0.6254174867027247,0.597216643132449,0.6128000810870899,0.652802055568897,0.6225563441916004,0.6168700634167599,0.6177599225467327,0.5889825711010851,0.6048845801893814,0.645704312241515,0.6148402898990949,1.298944155375163e-06,4.2419433593750004e-05,1.4910101890563965e-06,1.2561678886413574e-06,1.2514988581339518e-06,1.2433528900146484e-06,1.2526909510294596e-06,4.29999828338623e-05,4.1653712590535484e-05,4.233161608378093e-05,4.191358884175619e-05,4.3198267618815104e-05
537,8,distance,2.0,0.620063928484613,0.6070481629382793,0.6418984226393069,0.6212119779300851,0.5973329353630077,0.6328281435523859,0.17660904011050876,0.18079823456220312,0.1679249907230052,0.1890697288841487,0.16861004198461407,0.17660240725289597,0.1643994387240872,0.1598448641372786,0.1603440169741606,0.169754485373696,0.16199831707470294,0.16326822445678507,0.6070481629382793,0.6418984226393069,0.6212119779300851,0.5973329353630077,0.6328281435523859,0.620063928484613,0.599015075979607,0.6345777771055278,0.6134684408519948,0.5891012406855904,0.6253220749367618,0.6122969219118963,1.3092358907063802e-06,4.191501935323079e-05,1.5063087145487468e-06,1.2617309888203939e-06,1.2488166491190593e-06,1.2495120366414389e-06,1.2798110644022624e-06,4.195173581441244e-05,4.179795583089193e-05,4.219810167948405e-05,4.178881645202637e-05,4.183848698933919e-05
538,8,distance,2.0,0.6198808184005816,0.6234764909959658,0.6409654151753222,0.5784243201434336,0.6640569633017075,0.5924809023864792,0.1781651043615931,0.17096240932695866,0.1834853075569598,0.17115078673544423,0.1827143594597202,0.1772955934881352,0.16518696670384428,0.15733628498189572,0.1685115761285919,0.15416029993880698,0.166348317543289,0.16230868905928558,0.6234764909959658,0.6409654151753222,0.5784243201434336,0.6640569633017075,0.5924809023864792,0.6198808184005816,0.6157792472003126,0.6336256962351243,0.5698060779657865,0.6571893032669894,0.5841500179378212,0.6121100685212069,1.3090769449869792e-06,4.2209863662719726e-05,1.5245874722798665e-06,1.258552074432373e-06,1.2532869974772136e-06,1.2493133544921876e-06,1.2596448262532552e-06,4.279653231302897e-05,4.2290687561035155e-05,4.215081532796224e-05,4.205743471781413e-05,4.175384839375814e-05
539,8,distance,2.0,0.6198890237377869,0.6095137973652905,0.6443243624247186,0.6082792509229034,0.6302457383178262,0.6070819696581956,0.1779790881965415,0.17148394634458958,0.18340458674323476,0.17087376215657682,0.18147658860156052,0.17704359440850062,0.16734107966991593,0.1666793841897017,0.16571109950378188,0.1526339542368761,0.16308753871996426,0.16309061126404797,0.6095137973652905,0.6443243624247186,0.6082792509229034,0.6302457383178262,0.6070819696581956,0.6198890237377869,0.6015311151989933,0.6370533102085288,0.6002713310099133,0.6226868777723643,0.5990495738079373,0.6121184415995474,1.3027389844258628e-06,4.2270024617513025e-05,1.4861424763997396e-06,1.2522935867309571e-06,1.2426575024922688e-06,1.269976298014323e-06,1.2626250584920248e-06,4.233002662658691e-05,4.238367080688477e-05,4.2177438735961914e-05,4.1924317677815755e-05,4.2534669240315756e-05
540,9,uniform,2.0112755680375347,0.6180853649834581,0.607535133724847,0.6318024169778123,0.6152905880936985,0.6232565823089449,0.612542103811988,0.1781411112983096,0.1741503450458102,0.1782508501390375,0.1833602304020977,0.1794615074107938,0.17867280885920975,0.16568100914764128,0.1605042941227324,0.16790422553739273,0.1574614805596075,0.15958502606352573,0.16222720708617994,0.607535133724847,0.6318024169778123,0.6152905880936985,0.6232565823089449,0.612542103811988,0.6180853649834581,0.5995120018759512,0.6242753795054676,0.6074260004567724,0.6155548429353628,0.6046213291028635,0.6102779107752835,1.415729522705078e-06,0.0012565687497456868,1.6435980796813964e-06,1.4459093411763509e-06,1.386702060699463e-06,1.3005733489990235e-06,1.3018647829691568e-06,0.0012742499510447183,0.0012514857451121012,0.0012515854835510253,0.001246039072672526,0.0012594834963480632
541,9,distance,2.0,0.6226815149369523,0.5962271951742406,0.6433966252779789,0.5975552045774019,0.6143905259305704,0.66183802372457,0.178788059010345,0.17307944227981406,0.18061023986549055,0.1813139066727901,0.17194759614736208,0.17714784879516038,0.16483510664754888,0.15592335237385763,0.1699317073461491,0.16074300190709456,0.15323918784148988,0.160934471223228,0.5962271951742406,0.6433966252779789,0.5975552045774019,0.6143905259305704,0.66183802372457,0.6226815149369523,0.5879728959273767,0.6361066073960977,0.5893280537340098,0.6065075383857099,0.6549250020630621,0.6149680195012512,1.3632973035176593e-06,4.3706178665161135e-05,1.520514488220215e-06,1.3339519500732421e-06,1.3517340024312338e-06,1.3376275698343913e-06,1.2726585070292155e-06,4.3977499008178714e-05,4.3268998463948565e-05,4.3894449869791664e-05,4.4184525807698565e-05,4.320542017618815e-05
542,9,uniform,2.0015688320474423,0.6190512327351614,0.6243021134151796,0.6197830291383131,0.5990875453887486,0.6374398234644947,0.6146436522690704,0.1766532675298081,0.18211047449888165,0.18281031891364613,0.17464717175207853,0.1759657346803293,0.17843739347494875,0.16497231855246156,0.1613166934489379,0.16521336290128255,0.16008467519791972,0.15761177748701535,0.1618397655175234,0.6243021134151796,0.6197830291383131,0.5990875453887486,0.6374398234644947,0.6146436522690704,0.6190512327351614,0.6166217477609754,0.6120102801598799,0.590891720081534,0.6300280310992032,0.6067658393682678,0.6112635236939721,1.3818542162577312e-06,0.0012467975616455077,1.5996893246968588e-06,1.3788541158040364e-06,1.3485550880432129e-06,1.2895464897155763e-06,1.2926260630289714e-06,0.0012458304564158121,0.0012310945987701416,0.0012505427996317546,0.0012876482804616291,0.0012188716729482016
543,9,distance,2.0,0.6272484710492922,0.6143870857038906,0.6219397928978989,0.6394899013044676,0.6067592682572731,0.6536663070829303,0.18144786102052549,0.17644913676914792,0.1755765917150805,0.1847672849367585,0.16664806621786446,0.1769777881318754,0.1642424582787201,0.1644293532031847,0.15752422987640055,0.16975873529794372,0.1425871749917013,0.15970839032959008,0.6143870857038906,0.6219397928978989,0.6394899013044676,0.6067592682572731,0.6536663070829303,0.6272484710492922,0.6065040278307163,0.6142111344903602,0.6321200185372676,0.5987202754448153,0.6465862315888846,0.6196283375784088,1.3315478960673014e-06,4.34563159942627e-05,1.5267729759216308e-06,1.3060371081034342e-06,1.2877583503723145e-06,1.269976298014323e-06,1.2671947479248048e-06,4.351973533630371e-05,4.3709278106689456e-05,4.3096542358398435e-05,4.344542821248372e-05,4.351059595743815e-05
544,9,distance,2.0,0.6202604873484665,0.5987128805438213,0.6320159021016369,0.6256108319627642,0.6320547035877888,0.6129081185463212,0.18434637685826166,0.1698309115107827,0.17598968992359265,0.1796377465435955,0.17487304510008939,0.17693555398726438,0.17298958089233488,0.15915574281106518,0.1607980720413708,0.1588754820821596,0.1628580031580336,0.1629353761969928,0.5987128805438213,0.6320159021016369,0.6256108319627642,0.6320547035877888,0.6129081185463212,0.6202604873484665,0.5905093959893508,0.6244932288907675,0.6179572203504187,0.6245328235929907,0.6049948262508457,0.6124974990148747,1.3408263524373373e-06,4.289682706197103e-05,1.5247861544291179e-06,1.314083735148112e-06,1.3428926467895508e-06,1.2616316477457683e-06,1.2607375780741374e-06,4.341761271158854e-05,4.271348317464193e-05,4.307468732198079e-05,4.293243090311686e-05,4.234592119852702e-05
545,9,distance,2.0,0.6214303574634468,0.6362706782954596,0.6209666413106886,0.6161959342171728,0.6140785485251682,0.6196399849687447,0.17817986773871894,0.17660137033806877,0.1811233131796966,0.1766935762557804,0.17181836013287272,0.17688329752902748,0.15929506455236514,0.162620991851628,0.16413793695492107,0.16387900283254025,0.1620197506770855,0.16239054937370798,0.6362706782954596,0.6209666413106886,0.6161959342171728,0.6140785485251682,0.6196399849687447,0.6214303574634468,0.6288349851771384,0.6132180888332239,0.6083498545078134,0.6061891832479995,0.6118643117483442,0.6136912847029039,1.3212164243062338e-06,4.302859306335449e-05,1.5177329381306967e-06,1.2665987014770508e-06,1.305540402730306e-06,1.2632211049397785e-06,1.2529889742533367e-06,4.33659553527832e-05,4.254460334777832e-05,4.3854713439941406e-05,4.241506258646647e-05,4.296263058980306e-05
546,9,uniform,2.010582512319571,0.6174706490905381,0.6039046983585601,0.6281226991823926,0.6108255743224635,0.5825079862135085,0.6619922873757657,0.1798004298985827,0.18240788114955814,0.18135663620700418,0.18347507014499254,0.16542558158655227,0.17849311979733798,0.15977186086204767,0.16569772562932975,0.1630964516390424,0.17415487510124864,0.14967910062599316,0.16248000277153235,0.6039046983585601,0.6281226991823926,0.6108255743224635,0.5825079862135085,0.6619922873757657,0.6174706490905381,0.5958073497730452,0.6205204374961724,0.6028697087208785,0.5739732261361016,0.6550824193153043,0.6096506282883004,1.3909141222635906e-06,0.001242560863494873,1.595616340637207e-06,1.3426939646402995e-06,1.4100472132364909e-06,1.294414202372233e-06,1.311798890431722e-06,0.001238248348236084,0.0012288351853688559,0.0012433481216430663,0.0012819417317708334,0.0012204309304555258
547,9,distance,2.0,0.617693083806903,0.6466620632186217,0.628060283705645,0.6057604809649528,0.608768910387776,0.5992136807575195,0.16431418518739752,0.17914334102655505,0.17949758104215693,0.1878792090436579,0.17743806886914532,0.17765447703378254,0.15076149062680666,0.166960562408896,0.16520184077207517,0.16864740235378883,0.16495124868725533,0.1633045089697644,0.6466620632186217,0.628060283705645,0.6057604809649528,0.608768910387776,0.5992136807575195,0.617693083806903,0.6394388004564812,0.6204567460641932,0.59770107001364,0.6007710005490252,0.5910204340268385,0.6098776102220356,1.317262649536133e-06,4.312419891357422e-05,1.5099843343098958e-06,1.2922286987304687e-06,1.2592474619547525e-06,1.2632211049397785e-06,1.2616316477457683e-06,4.362781842549642e-05,4.430294036865234e-05,4.212498664855957e-05,4.2534271876017254e-05,4.303097724914551e-05
548,9,distance,2.0,0.6209487135615767,0.6034214573634661,0.6352895127090357,0.6269457061212276,0.6342886405739596,0.6047982510401945,0.1795349078565171,0.17732285903540176,0.176685685155027,0.17358506327093615,0.17926798380066772,0.17727929982370996,0.16538988720222042,0.156062080266139,0.16459942777735662,0.15587197865968894,0.16966728261394534,0.16231813130387007,0.6034214573634661,0.6352895127090357,0.6269457061212276,0.6342886405739596,0.6047982510401945,0.6209487135615767,0.5953142299160412,0.6278337616911625,0.619319383248067,0.6268124287969367,0.5967191692897384,0.6131997945883891,1.3721982638041177e-06,4.3487548828125e-05,1.5465418497721353e-06,1.3294816017150879e-06,1.3645490010579428e-06,1.3164679209391276e-06,1.3039509455362955e-06,4.394332567850749e-05,4.3493906656901044e-05,4.381299018859863e-05,4.317323366800944e-05,4.3014287948608397e-05
549,15,distance,2.0010273841636,0.6122659024469206,0.5917308031025228,0.6022706140442535,0.65489704395621,0.5984479704513567,0.6139830806802602,0.18197329859310304,0.18041210176512387,0.1754892770651556,0.18562850532363023,0.18176573278653124,0.18105378310670878,0.1657694209496501,0.1654751060463618,0.1516040228871787,0.16445210073275032,0.16027425415689148,0.16151498095456646,0.5917308031025228,0.6022706140442535,0.65489704395621,0.5984479704513567,0.6139830806802602,0.6122659024469206,0.5833845844265948,0.5941398599872365,0.6478421283301019,0.5902390703583691,0.6060917637606063,0.6043394813725816,1.4133453369140625e-06,0.0013616151809692383,1.579125722249349e-06,1.5701850255330404e-06,1.3018647829691568e-06,1.3156731923421224e-06,1.299877961476644e-06,0.0014074965318044026,0.001337356964747111,0.0013724021116892496,0.0013507525126139322,0.0013400677839914958
550,10,uniform,2.0209610156742137,0.6182619296862132,0.6014474315214449,0.6228115502404765,0.63634717018034,0.6129463470325655,0.6177571494562393,0.18529728381999605,0.184007342531137,0.1800277613387717,0.1743304305301407,0.17113603016764267,0.17895976967753763,0.1674977710851151,0.16536792267807393,0.1481678431709103,0.17156692278748792,0.15602769493767485,0.16172563093185244,0.6014474315214449,0.6228115502404765,0.63634717018034,0.6129463470325655,0.6177571494562393,0.6182619296862132,0.5932998492016106,0.6151007131074028,0.6289130407802788,0.6050338362393641,0.6099429855609665,0.6104580849779244,1.3791720072428385e-06,0.0012607035636901856,1.5951196352640788e-06,1.3974308967590332e-06,1.3121962547302246e-06,1.2954076131184896e-06,1.2957056363423665e-06,0.0012535985310872396,0.0012503687540690103,0.0012598697344462077,0.0012734679381052653,0.0012662128607432049
551,10,uniform,2.010808833174659,0.6187670684354816,0.6264989509119213,0.6352976000921967,0.5996111958986583,0.6200413599001484,0.6123862353744829,0.1728807613102329,0.1768665169965636,0.18876946930053273,0.18099594191874624,0.17405916494306622,0.17871437089382836,0.15258079662513507,0.150203171039163,0.17873345824051312,0.16311149753181234,0.1636495114638263,0.16165568698008997,0.6264989509119213,0.6352976000921967,0.5996111958986583,0.6200413599001484,0.6123862353744829,0.6187670684354816,0.6188634950532212,0.6278420144041326,0.5914260755422425,0.6122738919594359,0.6044622742577772,0.6109735502433619,1.3772447903951008e-06,0.0012665584087371826,1.5986959139506021e-06,1.3811389605204264e-06,1.3030568758646648e-06,1.299579938252767e-06,1.3037522633870444e-06,0.0012853447596232097,0.001242448886235555,0.0012647585074106852,0.0012512024243672688,0.0012890374660491943
552,10,uniform,2.0185253590665804,0.6160899466999186,0.623083218753541,0.6123757250522888,0.6265450508132555,0.6408143590079245,0.577631379872583,0.17928225118491356,0.17953643324775703,0.18270464096167913,0.1714544510507856,0.18439281153529824,0.17947411759608672,0.16455103514711195,0.1598220705122466,0.15883091220458062,0.15882257395518998,0.16631599257555124,0.16166851687893607,0.623083218753541,0.6123757250522888,0.6265450508132555,0.6408143590079245,0.577631379872583,0.6160899466999186,0.6153779353209047,0.6044515490738007,0.6189105373716185,0.6334715520370473,0.5689969276723632,0.6082417002951469,1.886566480000814e-06,0.0012607732613881429,4.133681456247966e-06,1.348257064819336e-06,1.350541909535726e-06,1.296699047088623e-06,1.3036529223124186e-06,0.0012751495838165283,0.0012572256724039713,0.001247783899307251,0.0012600839138031006,0.0012636232376098634
553,9,distance,2.0,0.6168575133275249,0.613716570124244,0.6243130699684525,0.6264426412993838,0.5866657007281624,0.6331495845173822,0.1769051376831716,0.176154748881154,0.17419512208969284,0.1852670882036067,0.1723711702508134,0.1769786534216877,0.16166532442213388,0.16740039031709392,0.15956999779113823,0.16987365388237444,0.16391405307396753,0.1644846838973416,0.613716570124244,0.6243130699684525,0.6264426412993838,0.5866657007281624,0.6331495845173822,0.6168575133275249,0.6058198049479082,0.6166329282983016,0.6188060343072076,0.5782159365181759,0.6256500870969539,0.6090249582337095,1.9522507985432945e-06,4.4861475626627604e-05,1.5482306480407716e-06,4.301766554514567e-06,1.3049443562825521e-06,1.3004740079243977e-06,1.305838425954183e-06,4.503210385640462e-05,4.892508188883464e-05,4.3148199717203774e-05,4.389365514119466e-05,4.330833752950033e-05
554,9,uniform,2.0034532987123086,0.6175339258252184,0.6477536305714839,0.616509049088763,0.6028149167727961,0.6029490402197399,0.6176429924733089,0.1743060604407062,0.1697749508647912,0.18298865617006252,0.183455710226697,0.1844318273128298,0.17899144100301734,0.1557349877406969,0.15666483992621857,0.16770280262544496,0.16704361140351048,0.16311687481385678,0.16205262330194553,0.6477536305714839,0.616509049088763,0.6028149167727961,0.6029490402197399,0.6176429924733089,0.6175339258252184,0.6405526826444956,0.6086693703648536,0.594695289858441,0.5948321551816427,0.6098264948748076,0.609715198584848,1.4122724533081054e-06,0.0012417186101277668,1.5217065811157227e-06,1.5857815742492676e-06,1.3572971026102703e-06,1.2888511021931967e-06,1.3077259063720704e-06,0.0012447456518809,0.0012394444147745768,0.0012314196427663168,0.001237105131149292,0.001255878210067749
555,9,uniform,2.001914181536038,0.614913401097803,0.6468597655848258,0.596860675354047,0.604791066096415,0.6303515329141132,0.5957039655396144,0.17590290664748237,0.17719982172869783,0.17939543397381746,0.1818674930575215,0.18052833698581766,0.17897879847866735,0.15370021427985678,0.1656691422741307,0.1646100623900323,0.1629603142367951,0.16733076390271912,0.16285409941670678,0.6468597655848258,0.596860675354047,0.604791066096415,0.6303515329141132,0.5957039655396144,0.614913401097803,0.6396405444383486,0.5886193262982524,0.5967118374646552,0.6227948351201938,0.5874389699458756,0.6070411026534652,1.371324062347412e-06,0.0012412445545196534,1.5264749526977539e-06,1.3413031895955404e-06,1.3616681098937988e-06,1.3409058252970377e-06,1.2862682342529296e-06,0.001244981288909912,0.0012662370999654135,0.0012217247486114502,0.0012498811880747478,0.0012233984470367432
556,10,uniform,2.0353762952505265,0.6192010293689412,0.6354043079323929,0.6308458653893293,0.5839300850298834,0.6061168191765525,0.6397080693165476,0.17460572390575865,0.17740265719174544,0.18973062641126326,0.1805000346254289,0.17529388809038662,0.17950658604491657,0.15985679655364304,0.15272832527418556,0.16927152030063206,0.15780522855382229,0.1625603432498597,0.16044444278642853,0.6354043079323929,0.6308458653893293,0.5839300850298834,0.6061168191765525,0.6397080693165476,0.6192010293689412,0.6279509036652526,0.6232992731996734,0.5754243968192507,0.5980646928224105,0.6323426465427802,0.6114163826098735,1.452167828877767e-06,0.0012627174059549966,1.9747018814086916e-06,1.3452768325805664e-06,1.345972220102946e-06,1.2949109077453614e-06,1.2999773025512695e-06,0.0012540249029795328,0.0012845043341318766,0.0012532198429107667,0.0012650402386983235,0.001256797711054484
557,10,uniform,2.004369784132196,0.6194988226494135,0.6468462843546534,0.6446357352009087,0.6061773181391523,0.5885463289668058,0.6112884465855473,0.17172507594462946,0.17420613399083276,0.1731647918170532,0.19414953107679211,0.1791245972053321,0.17847402600692794,0.15177349267984852,0.15210727677827396,0.1656532942511707,0.17311471399462888,0.16518052544433587,0.1615658606296516,0.6468462843546534,0.6446357352009087,0.6061773181391523,0.5885463289668058,0.6112884465855473,0.6194988226494135,0.6396267876123294,0.6373710483566343,0.598126428561077,0.5801350103085463,0.6033420434493063,0.6117202636575787,1.3622442881266276e-06,0.0012685956954956053,1.547833283742269e-06,1.3439853986104329e-06,1.3428926467895508e-06,1.290440559387207e-06,1.2860695521036785e-06,0.0012606302897135416,0.0012771658102671305,0.001268529494603475,0.0012736705938975017,0.0012629822889963786
558,9,uniform,2.0108384948029503,0.6115143474719782,0.6251577893967437,0.6265373245463712,0.6045654192780054,0.6145298055188192,0.5867813986199513,0.1749056399553198,0.18156914599031485,0.18349891629623455,0.17313378185493078,0.18037490180108273,0.17869647717957654,0.16169082681118735,0.1562294115602742,0.1706380996745334,0.16669981387070715,0.16788001827947607,0.1646276340392356,0.6251577893967437,0.6265373245463712,0.6045654192780054,0.6145298055188192,0.5867813986199513,0.6115143474719782,0.6174949162668646,0.6189026531572,0.5964815777640975,0.6066496652568529,0.5783339996138855,0.6035725624117801,1.36945645014445e-06,0.0012405597368876139,1.5355149904886882e-06,1.3423959414164226e-06,1.3890862464904785e-06,1.28785769144694e-06,1.29242738087972e-06,0.0012554717063903808,0.0012285264333089193,0.0012011472384134928,0.0012539307276407878,0.001263722578684489
559,10,uniform,2.0057473337628613,0.6142240616712406,0.5929429232173179,0.6539166358209638,0.615180393485993,0.6015266218050208,0.6075537340269075,0.18802004323227137,0.172673703246072,0.17346953970986295,0.17665614457676326,0.18284733251898777,0.1787333526567915,0.1676292920567012,0.15143697612063703,0.16844840903373365,0.1655645535327279,0.16486874331490856,0.16358959481174168,0.5929429232173179,0.6539166358209638,0.615180393485993,0.6015266218050208,0.6075537340269075,0.6142240616712406,0.5846214838282341,0.6468416777798252,0.6073135531483982,0.5933806583666226,0.5995309824226875,0.6063376711091536,1.3621846834818524e-06,0.0012610746224721273,1.5366077423095704e-06,1.3457735379536947e-06,1.3341506322224935e-06,1.29242738087972e-06,1.3019641240437826e-06,0.001220403512318929,0.0013029726346333822,0.0012502511342366537,0.0012569030125935872,0.0012748428185780842
560,9,distance,2.0,0.6243983354644359,0.5985646235395108,0.6339783280844884,0.6475845776697746,0.6390134511733561,0.6028506968550497,0.17999808879052662,0.17703468271149347,0.17279523550475473,0.17066754673410017,0.17646103355540277,0.17539131745925557,0.16902672920348896,0.1620041513727057,0.15387977186423,0.16014496003095718,0.1670655540663038,0.1624242333075371,0.5985646235395108,0.6339783280844884,0.6475845776697746,0.6390134511733561,0.6028506968550497,0.6243983354644359,0.5903581081774565,0.6264957726109175,0.6403801738061243,0.6316338283694042,0.594731801390417,0.6167199368708639,1.3851722081502277e-06,4.348063468933106e-05,1.5453497568766276e-06,1.3167659441630045e-06,1.3959407806396485e-06,1.3298789660135905e-06,1.3379255930582682e-06,4.4283072153727216e-05,4.293600718180339e-05,4.3420791625976564e-05,4.276434580485026e-05,4.399895668029785e-05
561,5,distance,2.002218909093636,0.6157098242680957,0.6284872299742821,0.6329380185637433,0.6003211152562511,0.6213957581922698,0.5954069993539326,0.17280125445305716,0.18095163608087142,0.1774370978596431,0.17753462475018728,0.1778975613684045,0.17732443490243271,0.15780263810917175,0.16318908403969312,0.16715676317893702,0.16343790969537053,0.17203655191678713,0.1647245893879919,0.6284872299742821,0.6329380185637433,0.6003211152562511,0.6213957581922698,0.5954069993539326,0.6157098242680957,0.6208924203655792,0.625434196115302,0.592150507731677,0.613655978121243,0.587135932901202,0.6078538070470005,1.380622386932373e-06,0.001111876646677653,1.5835960706075032e-06,1.3337532679239908e-06,1.3515353202819825e-06,1.2874603271484376e-06,1.346766948699951e-06,0.0010822399457295735,0.0010896193981170654,0.001135234832763672,0.0011340097586313885,0.0011182792981465658
562,9,distance,2.0,0.6195515711705903,0.6061868091721538,0.6566467993001762,0.6109752975839217,0.5910459646576773,0.6329029851390227,0.1780347148984896,0.17327970945032836,0.17393711640311638,0.1792792019439669,0.1831531659234357,0.1775367817238674,0.16872529783957083,0.15735680513347508,0.16343632529746122,0.16828244321751468,0.15277558623368045,0.16211529154434046,0.6061868091721538,0.6566467993001762,0.6109752975839217,0.5910459646576773,0.6329029851390227,0.6195515711705903,0.5981361136186034,0.6496276538003503,0.6030224927645129,0.5826857458772551,0.6253984465047266,0.6117740905130897,1.32139523824056e-06,4.298893610636393e-05,1.5151500701904298e-06,1.2892484664916992e-06,1.302162806193034e-06,1.250902811686198e-06,1.2495120366414389e-06,4.367907842000326e-05,4.355748494466146e-05,4.199425379435221e-05,4.2691628138224284e-05,4.302223523457845e-05
563,5,distance,2.0000082472512464,0.6069501396455976,0.6058684702184631,0.6196192930929044,0.6448774205922121,0.6017885625836297,0.5625969517407786,0.1845622085060757,0.17293133970251542,0.17058496441159907,0.18368485775653137,0.18262304555039158,0.17887728318542265,0.1692764923132186,0.16114077553843176,0.1572133260258215,0.16855583634036223,0.1775453139022589,0.1667463488240186,0.6058684702184631,0.6196192930929044,0.6448774205922121,0.6017885625836297,0.5625969517407786,0.6069501396455976,0.5978112668839173,0.6118431968699314,0.6376176745055111,0.5936479539822729,0.5536551517763653,0.5989150488035996,1.381993293762207e-06,0.0011158690452575683,1.59303347269694e-06,1.339415709177653e-06,1.3441840807596842e-06,1.3010700543721517e-06,1.3322631518046061e-06,0.0010903394222259522,0.0011078270276387533,0.0011189635594685873,0.0011310780048370361,0.001131137212117513
564,11,distance,2.0017419151581146,0.6127427723514604,0.612186818830164,0.6183267873678344,0.5838519271764124,0.6210189940564563,0.6283293343264349,0.1847633068265581,0.1828842295179941,0.18489775840636521,0.1724697969468414,0.1746214175209286,0.17992730184373748,0.16487496823691192,0.16335203573875934,0.17327004465437107,0.15799918342010422,0.15746092077438353,0.16339143056490602,0.612186818830164,0.6183267873678344,0.5838519271764124,0.6210189940564563,0.6283293343264349,0.6127427723514604,0.6042587810549714,0.610524268540601,0.5753446411902403,0.6132715118225167,0.6207312968680315,0.6048260998952723,1.3791720072428387e-06,0.001270713488260905,1.5631318092346192e-06,1.3336539268493652e-06,1.3408064842224122e-06,1.3016661008199057e-06,1.3566017150878907e-06,0.0012687222162882487,0.0012868301073710123,0.0012904417514801026,0.0012593873341878255,0.0012481860319773356
565,9,distance,2.0,0.6247349225742789,0.656935768603095,0.6148140599629925,0.6148326171852393,0.6018935114837212,0.6351986556363466,0.17409615781202423,0.17333685232264812,0.17791210151150044,0.17973109372619614,0.17316763531816604,0.17564876813810698,0.15435839367241913,0.1594932320359955,0.1652963218963157,0.17360861249359497,0.15539941062122853,0.16163119414391075,0.656935768603095,0.6148140599629925,0.6148326171852393,0.6018935114837212,0.6351986556363466,0.6247349225742789,0.649922530482545,0.6069397306947744,0.6069586672810193,0.5937550483453986,0.6277410472336824,0.617063404807484,1.3396938641866048e-06,4.3371438980102535e-05,1.5579660733540852e-06,1.307527224222819e-06,1.3215343157450358e-06,1.2583533922831218e-06,1.2530883153279622e-06,4.4754743576049806e-05,4.339536031087239e-05,4.300594329833984e-05,4.307389259338379e-05,4.262725512186686e-05
566,5,distance,2.0070949820699413,0.6069468236508724,0.6056110731331935,0.5912869461813529,0.6389230564609392,0.5812465033253701,0.6176665391535061,0.17703930097576887,0.18721295125568588,0.168931015818936,0.17911179630944696,0.1797116015339811,0.17840133317876378,0.1667234395345658,0.1752123922212844,0.1528289948868943,0.1748550074880642,0.16793003548547852,0.16750997392325742,0.6056110731331935,0.5912869461813529,0.6389230564609392,0.5812465033253701,0.6176665391535061,0.6069468236508724,0.5975486078480118,0.5829316537693874,0.6315415857241952,0.5726859548413913,0.6098505229181435,0.5989116650202257,1.3781984647115074e-06,0.0011153518358866374,1.5732645988464355e-06,1.3366341590881348e-06,1.3488531112670898e-06,1.2968977292378743e-06,1.3353427251180012e-06,0.0011254612604777018,0.0011113691329956055,0.001093500852584839,0.001130987803141276,0.0011154401302337646
567,9,distance,2.0,0.6272379134050402,0.6264298014382604,0.636176339883556,0.6351292925449454,0.6104181494012112,0.6280359837572277,0.17375425221682655,0.18009862793109757,0.17251346415782498,0.1709999745556767,0.18229552313659753,0.17593236839960466,0.16426131915964717,0.15710365130731613,0.155720770670187,0.15871268416804563,0.16614593821144988,0.16038887270332916,0.6264298014382604,0.636176339883556,0.6351292925449454,0.6104181494012112,0.6280359837572277,0.6272379134050402,0.6187929319617003,0.6287387182116696,0.6276702661574486,0.6024539548404182,0.6204319493536277,0.6196175641049729,1.340309778849284e-06,4.3457508087158197e-05,1.5223026275634765e-06,1.3111035029093424e-06,1.349349816640218e-06,1.26113494237264e-06,1.2576580047607423e-06,4.3592055638631186e-05,4.355947176615397e-05,4.390716552734375e-05,4.3121576309204104e-05,4.310727119445801e-05
568,5,distance,2.0099749072287727,0.6052098999233747,0.6306166650067193,0.5926075873655341,0.6170164039439359,0.5698988042216611,0.6159100390790229,0.177669044683692,0.17959267146921032,0.17050092815807882,0.18908275865733434,0.18256344948766043,0.1798817704911952,0.15604339897873962,0.1661368809481719,0.16531611882363204,0.17897866474868082,0.16707178684094826,0.16670937006803452,0.6306166650067193,0.5926075873655341,0.6170164039439359,0.5698988042216611,0.6159100390790229,0.6052098999233747,0.6230653872896506,0.5842792927290543,0.6091870970398936,0.5611062755175042,0.6080581148353232,0.5971392334822851,1.3800660769144696e-06,0.0011202916304270424,1.569390296936035e-06,1.3350447018941244e-06,1.3553102811177572e-06,1.3009707132975261e-06,1.3396143913269044e-06,0.0011375343799591064,0.001156946023305257,0.0011016929149627686,0.0011066619555155435,0.0010986228783925374
569,9,distance,2.0,0.6186720403822463,0.642092902255448,0.6010835716026347,0.609157448418914,0.6215314808673256,0.6194947987669093,0.18265232976214796,0.17135627931736727,0.18138395851612113,0.17264562886955118,0.18097192102489207,0.1778020234980159,0.1602260596800688,0.16311747053458425,0.16468291570081287,0.16243441095349198,0.16133048255407598,0.16235826788460678,0.642092902255448,0.6010835716026347,0.609157448418914,0.6215314808673256,0.6194947987669093,0.6186720403822463,0.634776232454878,0.5929285509198947,0.6011674814359956,0.6137944753654652,0.6117161575151255,0.6108765795382718,1.3710459073384602e-06,4.3567021687825524e-05,1.5477339426676431e-06,1.3202428817749023e-06,1.3646483421325683e-06,1.3272960980733236e-06,1.2953082720438639e-06,4.385511080423991e-05,4.3112039566040036e-05,4.306912422180176e-05,4.454175631205241e-05,4.325707753499349e-05
570,9,distance,9.991126095367912,0.5544784232051979,0.5567634184299488,0.5854875443863521,0.5137426198047226,0.5595063460807121,0.5568921873242543,0.19278912157585804,0.18395039606066316,0.19864566532365913,0.19705909670027333,0.2014158821762569,0.19477203236734214,0.16716962896217163,0.16037426007185204,0.1790185506192253,0.17251946724930267,0.1843714879470426,0.17269067896991885,0.5567634184299488,0.5854875443863521,0.5137426198047226,0.5595063460807121,0.5568921873242543,0.5544784232051979,0.5477023639515151,0.5770136952085603,0.5038020941448532,0.5505013650806585,0.5478337652593327,0.545370656728984,1.8984476725260416e-06,0.0007865486939748128,3.948509693145752e-06,1.4126300811767578e-06,1.5293558438618979e-06,1.3036529223124186e-06,1.2980898221333821e-06,0.0007791070143381754,0.0007989378770192464,0.0007934335867563883,0.0007595924536387125,0.0008016725381215414
571,9,distance,9.99276331165687,0.5578689140342952,0.5929625917208105,0.5412851138066765,0.5758767789113375,0.5797387653412546,0.49948132039139737,0.18410190480731212,0.2005915016612247,0.18912022054664526,0.18620898171832617,0.20672843547458547,0.19335020884161874,0.1664816760214374,0.17500971981487126,0.17019889856644693,0.16325145679621655,0.18986682562630036,0.1729617153650545,0.5929625917208105,0.5412851138066765,0.5758767789113375,0.5797387653412546,0.49948132039139737,0.5578689140342952,0.5846415544135698,0.5319076374279375,0.56720645752622,0.571147394274977,0.4892492519837258,0.548830459125286,1.4148354530334474e-06,0.0007969415982564291,1.5610456466674805e-06,1.3766686121622722e-06,1.4520684878031414e-06,1.3742844263712566e-06,1.310110092163086e-06,0.0007688995202382406,0.0008308140436808268,0.0008070158958435058,0.0007957414786020914,0.0007822370529174805
572,9,distance,10.0,0.5558264532186474,0.5505343332734083,0.571838005985573,0.5697357197256585,0.5435048129139903,0.543519394194607,0.19905839832707348,0.18507390399525808,0.1924454451940827,0.18968717686756384,0.20340566711162264,0.19393411829912016,0.17983191643429908,0.16883843176216373,0.16523834078749364,0.1722676596281782,0.1802853660619209,0.1732923429348111,0.5505343332734083,0.571838005985573,0.5697357197256585,0.5435048129139903,0.543519394194607,0.5558264532186474,0.5413459380422003,0.563085120247629,0.5609398570965407,0.5341727136890633,0.5341875930537813,0.546746244425843,1.3830264409383138e-06,0.0008031361103057862,1.589953899383545e-06,1.3491511344909669e-06,1.400907834370931e-06,1.2869636217753091e-06,1.2881557146708171e-06,0.000804138978322347,0.0008149846394856771,0.0008097891012827555,0.0007884411017100016,0.0007983267307281495
573,9,distance,10.0,0.5687904232905094,0.5767068429672854,0.5685811773953403,0.5837465241533948,0.5580076317828997,0.5569099401536275,0.19159456831837296,0.1950221656149419,0.17803450166431162,0.18853675539185644,0.20011992970525397,0.19066158413894738,0.17174519220345238,0.16551547687832596,0.16382378415724264,0.1753067119978821,0.18014180846928876,0.17130659474123835,0.5767068429672854,0.5685811773953403,0.5837465241533948,0.5580076317828997,0.5569099401536275,0.5687904232905094,0.5680534905236865,0.5597617125380048,0.5752370834205851,0.5489720126711362,0.5478518810085569,0.559975236032394,1.3666749000549318e-06,0.0008021476268768311,1.5587608019510905e-06,1.3338526089986166e-06,1.3552109400431316e-06,1.2931227684020996e-06,1.29242738087972e-06,0.0007908161481221517,0.0007795806725819905,0.0008159526189168295,0.0008182334899902344,0.0008061552047729493
574,10,distance,9.994091466900416,0.556649587742896,0.5610500407158716,0.5493719608519456,0.5868552329530491,0.537356976091241,0.5486137281023722,0.1983681507163905,0.19877541956065456,0.18653681216748286,0.18915569422121525,0.19668863537528405,0.19390494240820544,0.169699163215116,0.17303073705964678,0.16213120892129876,0.18395762317322314,0.17718669964633119,0.17320108640312318,0.5610500407158716,0.5493719608519456,0.5868552329530491,0.537356976091241,0.5486137281023722,0.556649587742896,0.5520766173574226,0.5401598033225135,0.5784093433370978,0.5278991970675526,0.5393860700738006,0.5475862062316773,1.3641913731892904e-06,0.0008015956878662109,1.5606482823689779e-06,1.3366341590881348e-06,1.3410051663716635e-06,1.2969970703125e-06,1.2856721878051758e-06,0.0008082425594329834,0.0008164747556050619,0.0007751266161600749,0.000809179147084554,0.0007989553610483805
575,10,distance,9.957627898136444,0.5590146478003384,0.5715862818754919,0.5538095741143498,0.5706652483120968,0.5734070263717084,0.5256051083280449,0.18686439571564029,0.1989284171843327,0.20196977072651753,0.18731079384169347,0.19458039902912092,0.193930755299461,0.16869399041071595,0.17540092992619813,0.17394167831140736,0.16539165895807315,0.17625863051543184,0.17193737762436528,0.5715862818754919,0.5538095741143498,0.5706652483120968,0.5734070263717084,0.5256051083280449,0.5590146478003384,0.5628282501591475,0.5446881344028885,0.5618883879709471,0.5646862160079272,0.5159070866925024,0.5499996150466825,1.3742049535115558e-06,0.0008085878690083823,1.548628012339274e-06,1.3426939646402995e-06,1.3549129168192545e-06,1.3355414072672526e-06,1.2892484664916992e-06,0.0008334871133168539,0.0007920511563618978,0.0008001295725504557,0.0008052599430084229,0.0008120115598042806
576,10,distance,9.975368110223858,0.5546903393159452,0.542656917711086,0.5458065630727614,0.5732561591171565,0.5549317684831505,0.5568002881955711,0.19005392944425448,0.19618091775220511,0.19411265030755076,0.19751891883414915,0.194307479223058,0.19443477911224352,0.1771876772511826,0.18083818544402303,0.16823584210403364,0.16618119728351136,0.1740498875018461,0.17329855791691934,0.542656917711086,0.5458065630727614,0.5732561591171565,0.5549317684831505,0.5568002881955711,0.5546903393159452,0.5333074850237488,0.5365215183655607,0.5645322645846282,0.545833269712789,0.5477399874431808,0.5455869050259816,1.362144947052002e-06,0.000803401231765747,1.542965571085612e-06,1.3347466786702475e-06,1.348257064819336e-06,1.2982885042826334e-06,1.286466916402181e-06,0.0008044302463531494,0.0007979444662729899,0.0008204555511474609,0.0007934824625651041,0.0008006934324900309
577,9,uniform,9.999688243192644,0.550985879094691,0.5204876727342346,0.5438697279239226,0.5675223904969366,0.5809554407139245,0.5420941636044367,0.2060099940041854,0.19755820525325476,0.19196552975329334,0.18279409711537264,0.19855733546464108,0.19537703231814943,0.18804099606508473,0.1728736300423277,0.17546332638415957,0.16211726413216437,0.17206365330133616,0.1741117739850145,0.5204876727342346,0.5438697279239226,0.5675223904969366,0.5809554407139245,0.5420941636044367,0.550985879094691,0.5106850357202837,0.5345450886310557,0.5586812809329899,0.5723889420573096,0.5327332265742037,0.5418067147831686,1.3701717058817545e-06,0.0007846969763437907,1.5391906102498373e-06,1.3343493143717448e-06,1.3921658198038736e-06,1.2919306755065918e-06,1.2932221094767252e-06,0.0007876054445902506,0.0007945124308268229,0.0007820185025533041,0.0007739718755086264,0.0007853766282399495
578,10,distance,10.0,0.5495425197003223,0.5838734062431115,0.5574275301518268,0.5510392805514975,0.537541396393959,0.5178309851612172,0.19347702819944332,0.18797270705481567,0.19335915204915835,0.199617826202632,0.2056326328654575,0.19601186927430136,0.16868268406751444,0.1681351965494622,0.17216863740682717,0.1794239356690792,0.1805502689417181,0.1737921445269202,0.5838734062431115,0.5574275301518268,0.5510392805514975,0.537541396393959,0.5178309851612172,0.5495425197003223,0.5753665593519997,0.5483800520629374,0.5418612079222267,0.5280873874616379,0.5079740376687719,0.5403338488935148,1.3620654741923014e-06,0.0008283938566843669,1.5444556872049967e-06,1.333455244700114e-06,1.349349816640218e-06,1.2939174969991047e-06,1.2891491254170736e-06,0.0008314979076385498,0.0008223839600880941,0.0008197176456451416,0.000819627046585083,0.0008487427234649659
579,10,distance,10.0,0.5680023661589632,0.5391050387098599,0.5923067899589047,0.5742806720916059,0.5775433520706544,0.5567759779637909,0.19384809497193675,0.18621928883037228,0.19489005474779503,0.19295129492462937,0.19223583136723266,0.19202891296839322,0.17199517361217234,0.1622255368415051,0.16969884319627854,0.17515219610839033,0.17171105091072358,0.17015656013381397,0.5391050387098599,0.5923067899589047,0.5742806720916059,0.5775433520706544,0.5567759779637909,0.5680023661589632,0.5296829952081875,0.583972346142051,0.5655777216062554,0.5689071003242283,0.5477151802390301,0.5591710687039504,1.3654033342997231e-06,0.0008251492977142333,1.5400846799214682e-06,1.3490517934163411e-06,1.3514359792073567e-06,1.2890497843424478e-06,1.2973944346110025e-06,0.0008172933260599772,0.0008167787392934163,0.0008502578735351562,0.0008266139030456543,0.0008148026466369629
580,14,distance,4.386354304939951,0.5743072685025531,0.5871420768622806,0.5441639137343712,0.5924826914854611,0.5751170645337382,0.5726305958969142,0.1850398404801074,0.20042908758722439,0.18960992708197907,0.18208175819363845,0.1963699909084499,0.19070612085027985,0.17103932226852833,0.18384491353305515,0.16085061270650805,0.15984587178547108,0.16910917812986995,0.1689379796846865,0.5871420768622806,0.5441639137343712,0.5924826914854611,0.5751170645337382,0.5726305958969142,0.5743072685025531,0.5787020511763306,0.5348452884614794,0.5841518436112285,0.566431212360663,0.563893913019168,0.5656048617257738,1.3832449913024903e-06,0.0010226261615753174,1.615285873413086e-06,1.3609727223714192e-06,1.3580918312072754e-06,1.2896458307902018e-06,1.2922286987304687e-06,0.0010486233234405517,0.0010436014334360758,0.0010071523984273275,0.0010149848461151122,0.0009987688064575196
581,6,distance,3.421356044293076,0.5884983114490703,0.6041819576313068,0.6048609012274435,0.5879007052863439,0.5593904803209189,0.586157512779338,0.18336644223640253,0.18358596183071157,0.1839678805747346,0.18416635753729185,0.18318176436831296,0.18365368130949072,0.16621335488846697,0.1695422576388276,0.1686044656002433,0.1751456305755231,0.1704517647722376,0.16999149469505972,0.6041819576313068,0.6048609012274435,0.5879007052863439,0.5593904803209189,0.586157512779338,0.5884983114490703,0.596090277037739,0.5967831002303896,0.5794761881882793,0.5503831306852307,0.577697359718609,0.5800860111720496,1.4164249102274576e-06,0.0008933901786804199,1.602768898010254e-06,1.3373295466105144e-06,1.5510121981302898e-06,1.2997786204020183e-06,1.2912352879842123e-06,0.0009109659989674886,0.0009076404571533203,0.0008942826588948568,0.0008824845155080159,0.0008715772628784179
582,11,distance,2.0043034948141365,0.6214430722013118,0.6225782637026014,0.6336868491517267,0.6033025688600014,0.611529137822606,0.6361185414696238,0.17933378220452123,0.17949442483932032,0.1812295094134333,0.18229558933072895,0.1698885868628419,0.17844837853016915,0.15917678503971994,0.15858112217889597,0.16672380352151653,0.16541831168593582,0.153936855914499,0.16076737566811344,0.6225782637026014,0.6336868491517267,0.6033025688600014,0.611529137822606,0.6361185414696238,0.6214430722013118,0.6148626575091282,0.6261983349946921,0.5951929109832041,0.6035876551205128,0.6286797382287983,0.6137042593672671,1.3884504636128744e-06,0.0012791229883829754,1.6270081202189128e-06,1.3402104377746582e-06,1.3458728790283202e-06,1.293321450551351e-06,1.3358394304911295e-06,0.001278779904047648,0.0012905422846476236,0.001273587147394816,0.0012779859701792398,0.0012747196356455485
583,9,distance,2.0,0.6195821491775455,0.6255968406161507,0.6250494850947659,0.588989720319385,0.627784328459871,0.6304903713975545,0.1753104325732052,0.1744890981185047,0.18652062912738523,0.1751772235233534,0.17416994906691902,0.1771334664818735,0.16111301504393788,0.16444686593267877,0.1727676349732962,0.16267270495023847,0.15444950832893417,0.1630899458458171,0.6255968406161507,0.6250494850947659,0.588989720319385,0.627784328459871,0.6304903713975545,0.6195821491775455,0.6179429429796837,0.6173843979076061,0.5805874658795769,0.6201751494846043,0.6229365118690547,0.6118052936241052,1.3341903686523438e-06,4.295078913370768e-05,1.5215078989664714e-06,1.3018647829691568e-06,1.3345479965209961e-06,1.256863276163737e-06,1.2561678886413574e-06,4.3182373046875e-05,4.260063171386719e-05,4.340132077534993e-05,4.2819976806640624e-05,4.2749643325805666e-05
584,11,distance,2.0075188036990586,0.6159667970018852,0.6324724820722154,0.6090906807425718,0.6097007157259149,0.5874623103638392,0.6411077961048843,0.18323129830538354,0.18173590728620959,0.1789588995123655,0.17963744865083206,0.17223753265578182,0.17916021728211448,0.15872512824999335,0.16540499773183498,0.16117236283328557,0.16995158320095802,0.15756801251795455,0.1625644169068053,0.6324724820722154,0.6090906807425718,0.6097007157259149,0.5874623103638392,0.6411077961048843,0.6159667970018852,0.6249591426937939,0.6010993488327094,0.6017218547186082,0.5790288311889944,0.6337709878480846,0.608116033056438,1.3893644014994302e-06,0.0012877295017242431,1.5701850255330404e-06,1.354813575744629e-06,1.3544162114461263e-06,1.3050436973571777e-06,1.3623634974161783e-06,0.0012979682286580405,0.0012836118539174398,0.0013084073861440023,0.0012634575366973877,0.0012852025032043456
585,11,distance,2.001668127890242,0.6126379673699164,0.6110379151100453,0.6242416399551447,0.592637946834798,0.6140588930742845,0.6212134418753099,0.18225710485255506,0.1827819385656361,0.19211313840711303,0.16938746173672256,0.17447357970781277,0.1802026446539679,0.16308032658879437,0.15846146924307794,0.17429089099515027,0.15408240423498723,0.16329996904124364,0.1626430120206507,0.6110379151100453,0.6242416399551447,0.592637946834798,0.6140588930742845,0.6212134418753099,0.6126379673699164,0.6030863903763495,0.6165600380462208,0.584310272834828,0.6061691259821064,0.6134699347245496,0.6047191523928108,1.4026959737141928e-06,0.0012904847462972004,1.5413761138916015e-06,1.4059742291768393e-06,1.4138221740722656e-06,1.3026595115661621e-06,1.3496478398640951e-06,0.0012855899333953857,0.0013055161635080973,0.0012793350219726563,0.0012919747829437257,0.0012900078296661378
586,11,distance,2.012370945050389,0.6195968246347949,0.6074082918971895,0.6348385979755726,0.6162998313832879,0.6338858117721202,0.6055515901458042,0.18323023930113919,0.18006308043109562,0.17215018564555307,0.17438512659119404,0.18679048809091814,0.17932382401198002,0.16507071520870098,0.15701179455340777,0.16056070798013714,0.15784625077843614,0.1637780159258021,0.16085349688929682,0.6074082918971895,0.6348385979755726,0.6162998313832879,0.6338858117721202,0.6055515901458042,0.6195968246347949,0.5993825670296704,0.6273736289392982,0.6084558756364387,0.6264013649940374,0.5974879088540659,0.6118202690907021,1.382132371266683e-06,0.001277285099029541,1.5671054522196453e-06,1.3462702433268229e-06,1.3469656308492024e-06,1.2959043184916179e-06,1.3544162114461263e-06,0.0012580605347951254,0.0012887930870056153,0.001279446283976237,0.0012834624449412028,0.0012766631444295247
587,12,distance,2.0131691728083387,0.62212358251921,0.6265601860282356,0.635701921114844,0.6457480453077271,0.6157420777732927,0.5868656823719502,0.18505668067759365,0.17510164475255816,0.1709647376051765,0.1736191783298959,0.18334740406912353,0.17761792908686955,0.15955123243700606,0.16670479278204747,0.15153364322325152,0.16387856122097497,0.16485716152090896,0.1613050782368378,0.6265601860282356,0.635701921114844,0.6457480453077271,0.6157420777732927,0.5868656823719502,0.62212358251921,0.6189259819947412,0.6282546009332054,0.6385060973412752,0.6078867199083515,0.5784200063727396,0.6143986813100626,1.3913114865620933e-06,0.0012952856222788495,1.5717744827270508e-06,1.3575951258341472e-06,1.3845165570576985e-06,1.291831334431966e-06,1.350839932759603e-06,0.0013035404682159423,0.001305479605992635,0.001287173827489217,0.0013083195686340332,0.0012719146410624187
588,15,distance,2.0118261552673937,0.6168539294525427,0.6372264210397118,0.636777652704285,0.5998300913550818,0.5895394112079559,0.6208960709556786,0.1788761110770723,0.1807618195493355,0.1735405568261085,0.1908338451670253,0.1752173989371673,0.17984594631134176,0.15000238835363366,0.16066306115188914,0.16115564099109392,0.171396302711569,0.16337335468112396,0.16131814957786195,0.6372264210397118,0.636777652704285,0.5998300913550818,0.5895394112079559,0.6208960709556786,0.6168539294525427,0.6298102661035561,0.629352323628393,0.5916494458631925,0.5811483940605888,0.6131460758133755,0.6090213010938211,1.3747413953145343e-06,0.0013548358281453448,1.5522042910257976e-06,1.333157221476237e-06,1.352528731028239e-06,1.2932221094767252e-06,1.3425946235656737e-06,0.0013641695181528728,0.0013502875963846842,0.0013417128721872965,0.001362459659576416,0.0013555494944254558
589,10,distance,2.0,0.622964496981249,0.612279541318882,0.6187886813948299,0.6436931600813192,0.6351579891852763,0.6049031129259379,0.18375475596981428,0.17859522642891018,0.16842740833617484,0.17279609706154914,0.1788861174089316,0.17649192104107597,0.16685015442063827,0.16099909439914556,0.15831357580154962,0.15555845081151196,0.16993423363836593,0.16233110181424226,0.612279541318882,0.6187886813948299,0.6436931600813192,0.6351579891852763,0.6049031129259379,0.622964496981249,0.6043533990630499,0.6109956050349287,0.6364092042397107,0.6276995494411934,0.5968261748596879,0.6152567865277142,1.3294021288553873e-06,4.407715797424316e-05,1.5322367350260417e-06,1.295606295267741e-06,1.298983891805013e-06,1.2709697087605795e-06,1.2492140134175618e-06,4.474918047587077e-05,4.367907842000326e-05,4.400730133056641e-05,4.408041636149088e-05,4.3869813283284504e-05
590,15,distance,2.0059422861987803,0.6139573847363631,0.608905764308427,0.6360738788192504,0.5956544020428589,0.6313097216086065,0.5978431569026725,0.18848251405616087,0.1733131961823807,0.1810139670682213,0.17946359918466992,0.1783286011677204,0.18012037553183063,0.16546974209687645,0.15536193400148962,0.16652057496213593,0.16018208607256507,0.16402254845556663,0.16231137711772675,0.608905764308427,0.6360738788192504,0.5956544020428589,0.6313097216086065,0.5978431569026725,0.6139573847363631,0.6009106521648173,0.628634162542983,0.5873883932260179,0.6237726119992425,0.5896218926485535,0.6060655425163228,1.3765692710876464e-06,0.0013480537732442222,1.5650192896525066e-06,1.337130864461263e-06,1.3515353202819825e-06,1.2845794359842936e-06,1.3445814450581869e-06,0.0013587844371795654,0.0013620102405548097,0.0013345531622568766,0.0013629384835561116,0.0013219825426737468
591,10,distance,2.0,0.6249166734140414,0.6306790415326257,0.6112054005573585,0.6252153517576293,0.6194849428159271,0.6379986304066669,0.16555353470441114,0.17832341098045906,0.17717158447509013,0.18350977749714878,0.17797999781132348,0.1765076610936865,0.15274273667727792,0.16796977850098785,0.16660253113236692,0.160990541059361,0.15796456039234041,0.16125402955246682,0.6306790415326257,0.6112054005573585,0.6252153517576293,0.6194849428159271,0.6379986304066669,0.6249166734140414,0.6231290389745192,0.6032572997169638,0.6175536553710732,0.6117061000796258,0.6305982616926635,0.617248871166969,1.346170902252197e-06,4.41889762878418e-05,1.563727855682373e-06,1.3328591982523601e-06,1.295010248819987e-06,1.2938181559244792e-06,1.245439052581787e-06,4.503568013509115e-05,4.410068194071452e-05,4.4071276982625325e-05,4.398624102274577e-05,4.3751001358032225e-05
592,10,distance,2.0,0.6212322750212019,0.652986314365468,0.6387904835152769,0.6302838415370875,0.5893558623851108,0.5947448733030662,0.16975690860050696,0.17719689107343964,0.1801883540499657,0.18148562209940822,0.1766669233138783,0.17705893982743975,0.15081348300862335,0.15627163677666542,0.1615181573957281,0.17180701802428097,0.16977246786595496,0.16203655261425057,0.652986314365468,0.6387904835152769,0.6302838415370875,0.5893558623851108,0.5947448733030662,0.6212322750212019,0.6458923378277943,0.6314063025990645,0.6227257599330757,0.5809610929619785,0.5864602710537252,0.6134891528751275,1.3268589973449709e-06,4.398560523986816e-05,1.565217971801758e-06,1.3110041618347169e-06,1.2536843617757162e-06,1.2494126955668131e-06,1.2549757957458496e-06,4.5086145401000974e-05,4.463950792948405e-05,4.3371121088663736e-05,4.292925198872884e-05,4.390199979146321e-05
593,10,distance,2.0,0.6245520134531979,0.6368862978921768,0.6524026148509198,0.5874128650543127,0.6093663062664929,0.6366919832020874,0.18098622006502063,0.1661617132183037,0.17977170660071243,0.1794124305319383,0.177903401862041,0.17684709445560323,0.16482213125115644,0.14801744479019732,0.16837943616742287,0.1647204546052774,0.15760112226792808,0.16070811781639643,0.6368862978921768,0.6524026148509198,0.5874128650543127,0.6093663062664929,0.6366919832020874,0.6245520134531979,0.6294631898422725,0.6452967057848398,0.5789783750724588,0.6013806089499647,0.6292649027905457,0.6168767564880163,1.3246138890584312e-06,4.3548266092936196e-05,1.5273690223693848e-06,1.2784202893575033e-06,1.2653072675069172e-06,1.2690822283426921e-06,1.2828906377156576e-06,4.4290622075398766e-05,4.388610521952311e-05,4.270831743876139e-05,4.328449567159017e-05,4.357179005940755e-05
594,15,distance,2.0144905008689067,0.6158579091933438,0.6368300909498114,0.5803038872729762,0.6299511632955541,0.5899785389288483,0.6422258655195285,0.17597092452381677,0.18675108949682723,0.17438078542138855,0.18030428711174348,0.17817332552942564,0.17911608241664034,0.15622213564847562,0.17712871281265763,0.15180123343155463,0.16943452760057112,0.15742867374482203,0.1624030566476162,0.6368300909498114,0.5803038872729762,0.6299511632955541,0.5899785389288483,0.6422258655195285,0.6158579091933438,0.6294058338653101,0.5717240689548769,0.622386280773487,0.5815964988388078,0.6349119138776791,0.6080049192620323,1.3729135195414226e-06,0.0013419206937154136,1.583397388458252e-06,1.3297796249389648e-06,1.341104507446289e-06,1.2869636217753091e-06,1.3233224550882976e-06,0.0013448365529378256,0.001338523228963216,0.0013279108206431071,0.001350466012954712,0.0013478668530782065
595,11,distance,2.0085120751354486,0.6231030925582429,0.6145109158824524,0.6237659028267915,0.6245061556876614,0.632044176443627,0.6206883119506823,0.18501372706999925,0.17366849341691928,0.17289408821569216,0.17847591755234946,0.1821658993549529,0.1784436251219826,0.16101048815623148,0.1566580959949823,0.15776746211576703,0.16455460336508837,0.15977514716835833,0.1599531593600855,0.6145109158824524,0.6237659028267915,0.6245061556876614,0.632044176443627,0.6206883119506823,0.6231030925582429,0.6066303894609694,0.6160745754569814,0.6168299612553819,0.624522081243156,0.6129340696055514,0.615398215404408,1.3666550318400064e-06,0.0012831488450368246,1.5402833620707193e-06,1.336534818013509e-06,1.3364354769388835e-06,1.2930234273274739e-06,1.3269980748494465e-06,0.0012845210234324138,0.0012997118631998697,0.0012724510828653972,0.0012730522950490316,0.0012860079606374106
596,11,distance,2.007571540959071,0.6170610078496843,0.5793071485725745,0.6590269105008217,0.6152123816535946,0.6083722314756236,0.6233863670458075,0.18689506336132125,0.17631586976238608,0.1678783117087634,0.17949912958971845,0.17942903287133818,0.17800348145870548,0.17540128202550062,0.153177704707754,0.15675664089112298,0.16809564222877407,0.16184001069775655,0.16305425611018162,0.5793071485725745,0.6590269105008217,0.6152123816535946,0.6083722314756236,0.6233863670458075,0.6170610078496843,0.5707069539948417,0.6520564214480277,0.6073461952478759,0.6003662123575784,0.6156872808525361,0.6092326127801719,1.883467038472493e-06,0.0012878545920054119,4.065632820129394e-06,1.3512372970581056e-06,1.3561050097147623e-06,1.2968977292378743e-06,1.3474623362223307e-06,0.0012917657693227132,0.001283039649327596,0.0012751583258310954,0.0012804126739501952,0.001308896541595459
597,11,distance,2.0079438524799462,0.6188159020595855,0.5989400514167522,0.6044505153820159,0.6235555708812139,0.6257540391206521,0.6413793334972928,0.18101609072143116,0.18377384105250907,0.17425844587054368,0.17833589692485036,0.17267875046003195,0.17801260500587324,0.1705057742037734,0.16849366659786155,0.15576610462088408,0.15512531337088697,0.16295594977918726,0.16256936171451866,0.5989400514167522,0.6044505153820159,0.6235555708812139,0.6257540391206521,0.6413793334972928,0.6188159020595855,0.5907412109005701,0.596364324895788,0.6158599437101314,0.6181033550822328,0.6340480762604401,0.6110233821698325,1.3792514801025389e-06,0.0012968823909759522,1.5751520792643229e-06,1.3451774915059407e-06,1.3458728790283202e-06,1.2934207916259765e-06,1.3366341590881348e-06,0.001299684445063273,0.0013006436824798584,0.0012839039166768391,0.0012828473250071208,0.0013173325856526692
598,10,distance,2.0,0.6244185489283647,0.6350044144709732,0.6486525995678877,0.5881916194752936,0.6122352184134325,0.6380088927142363,0.17850971628182638,0.16976474950639617,0.1820326255088375,0.1704601340524787,0.1796314070933906,0.17607972648858589,0.1646201249772075,0.1513454256070283,0.16500414324197088,0.16794095713783677,0.1590389980987662,0.16158992981256193,0.6350044144709732,0.6486525995678877,0.5881916194752936,0.6122352184134325,0.6380088927142363,0.6244185489283647,0.6275428352097325,0.6414700292013028,0.5797730495156744,0.6043081700675401,0.6306087337918698,0.6167405635572238,1.3053417205810546e-06,4.393800099690755e-05,1.4992554982503255e-06,1.257459322611491e-06,1.2510021527608236e-06,1.2478232383728027e-06,1.2711683909098308e-06,4.383047421773275e-05,4.398624102274577e-05,4.375060399373372e-05,4.387458165486654e-05,4.4248104095458985e-05
599,10,distance,2.0,0.6260529450232194,0.6146363773813134,0.6835818170999748,0.6092955734137213,0.5969821707694138,0.6257687864516734,0.1792335366305475,0.16507381967755055,0.18007099469970705,0.1838783491280577,0.17270426882408818,0.1761921937919902,0.1654233695517334,0.15051107901821978,0.16379223879315746,0.1627487530825537,0.161239195333212,0.16074292715577526,0.6146363773813134,0.6835818170999748,0.6092955734137213,0.5969821707694138,0.6257687864516734,0.6260529450232194,0.6067584157604884,0.6771133022877085,0.6013084301104243,0.5887433054359095,0.6181184038919121,0.6184083714972886,1.3047655423482258e-06,4.353499412536621e-05,1.4975666999816895e-06,1.2566645940144856e-06,1.2451410293579102e-06,1.250306765238444e-06,1.2741486231486002e-06,4.343390464782715e-05,4.3321053187052406e-05,4.3403704961140954e-05,4.361748695373535e-05,4.3898820877075195e-05
600,9,distance,2.0,0.6184566568865989,0.6102023460425607,0.6244968193364866,0.6154420542674363,0.6435518692971232,0.5985901954893877,0.17861657609061457,0.17846520450777456,0.18482025467952493,0.16691577664365703,0.17760902961957462,0.17728536830822914,0.15734245401760383,0.1615424346225089,0.1708706897568601,0.16060591044254569,0.1658155848265063,0.16323541473320496,0.6102023460425607,0.6244968193364866,0.6154420542674363,0.6435518692971232,0.5985901954893877,0.6184566568865989,0.60223373982878,0.6168204340418322,0.6075805630429205,0.6362650250578821,0.5903842028929187,0.6106567929728668,1.3633370399475098e-06,4.320875803629557e-05,1.5658140182495117e-06,1.309812068939209e-06,1.3158718744913738e-06,1.3119975725809733e-06,1.313189665476481e-06,4.413326581319173e-05,4.323124885559082e-05,4.2354265848795575e-05,4.2872031529744465e-05,4.345297813415527e-05
601,13,distance,9.250859547687291,0.552388862265536,0.5691198367740877,0.5287566345186139,0.5625504778452644,0.5550568170304853,0.5464605451592286,0.18738640052518882,0.19871285508083125,0.19426459969124846,0.19512893362110398,0.20214513178197469,0.19552758414006943,0.16733217857456165,0.17564907047397288,0.17894661443445653,0.17407953036780704,0.17067324432853398,0.17333612763586642,0.5691198367740877,0.5287566345186139,0.5625504778452644,0.5550568170304853,0.5464605451592286,0.552388862265536,0.5603113836928084,0.5191230393128616,0.553607727818251,0.5459608746188427,0.537188869762143,0.5432383790409814,1.3820330301920573e-06,0.0008828124205271402,1.5709797541300455e-06,1.3495484987894693e-06,1.3753771781921386e-06,1.3173619906107585e-06,1.2968977292378743e-06,0.0008849779764811198,0.0008901774883270264,0.0008794347445170085,0.0008914868036905924,0.0008679850896199544
602,15,distance,9.262194141262988,0.5512689418569289,0.539726577258534,0.5539986027344351,0.5625272479515975,0.5391777368279804,0.5609145445120975,0.19820139021830518,0.19749567349474165,0.19517359755187474,0.1995094882181863,0.19426316488422585,0.19692866287346672,0.1718526879377277,0.171052628233107,0.17139792825527603,0.1728018019355489,0.17335263321755126,0.1720915359158422,0.539726577258534,0.5539986027344351,0.5625272479515975,0.5391777368279804,0.5609145445120975,0.5512689418569289,0.5303172398259999,0.5448810273218512,0.5535840230374904,0.5297571794888591,0.5519383512142189,0.5420955641776839,1.3688206672668457e-06,0.0009145205815633137,1.5770395596822102e-06,1.3358394304911295e-06,1.3386209805806477e-06,1.2981891632080079e-06,1.294414202372233e-06,0.0009334210554758708,0.000929255485534668,0.0008905756473541259,0.0009044941266377767,0.0009148565928141276
603,15,distance,9.269442094682113,0.5460274942961068,0.5419939809159607,0.5408140686398959,0.5990234797561188,0.5554172293531137,0.4928887128154448,0.19219025884819085,0.19783668495698614,0.1909567773871375,0.20392426866730956,0.2048427508531248,0.19795014814254977,0.17259972932065756,0.17399374000580142,0.16106172000840535,0.17393767639927185,0.18350099902474226,0.17301877295177567,0.5419939809159607,0.5408140686398959,0.5990234797561188,0.5554172293531137,0.4928887128154448,0.5460274942961068,0.5326309958580246,0.5314269627177132,0.5908263447596511,0.5463286548254089,0.4825218721915697,0.5367469660704736,1.3675888379414876e-06,0.0009171125888824463,1.5559792518615723e-06,1.3341506322224935e-06,1.3586878776550294e-06,1.3005733489990235e-06,1.2885530789693196e-06,0.0009124088287353516,0.000907365083694458,0.0009024544556935629,0.0009204351902008057,0.0009428993860880534
604,14,distance,9.33524334078151,0.5526556381711852,0.5843309316640226,0.5613245318156815,0.48840059166463146,0.5489479547750158,0.5802741809365755,0.19510302869019372,0.18209929690676324,0.20833154313357397,0.20210758833443626,0.19560136561178704,0.19664856453535084,0.17013021015559884,0.15866341018474012,0.18334727302202786,0.17705255735293415,0.16626444731042517,0.17109157960514523,0.5843309316640226,0.5613245318156815,0.48840059166463146,0.5489479547750158,0.5802741809365755,0.5526556381711852,0.5758334379331338,0.5523567198596137,0.47794200069355064,0.5397271293189684,0.571693755333916,0.5435106086278365,1.3733108838399249e-06,0.0008970553874969482,1.5719731648763022e-06,1.3488531112670898e-06,1.3609727223714192e-06,1.2976924578348797e-06,1.287062962849935e-06,0.0009032972653706869,0.000896910031636556,0.0009062767028808593,0.000870297352472941,0.0009084955851236979
605,14,distance,9.324447794260005,0.5452798674163191,0.5670309022221045,0.5777866056163421,0.5496996019751701,0.5378660194582853,0.49401620780969313,0.20322261786931853,0.19439678894811563,0.19901154344420954,0.19002373234889255,0.20056564086223475,0.1974440646945542,0.16328360175590984,0.16661266798434007,0.1749876350665253,0.1747226060379151,0.18870032792811095,0.17366136775456026,0.5670309022221045,0.5777866056163421,0.5496996019751701,0.5378660194582853,0.49401620780969313,0.5452798674163191,0.5581797451976842,0.56915532668516,0.5404941423903354,0.5284186467725944,0.4836724164872337,0.5359840555066014,1.3720194498697918e-06,0.0008941632111867269,1.560350259145101e-06,1.343389352162679e-06,1.3564030329386394e-06,1.3033548990885417e-06,1.2965997060139974e-06,0.0009256184101104736,0.0009102900822957357,0.0008723215262095134,0.0008929971853892008,0.000869588851928711
606,15,distance,9.281784409355701,0.549533722147612,0.5286971575244102,0.5475427445325743,0.5672123611627116,0.5899933033147509,0.5142230442036131,0.19639624588761329,0.20474969953002353,0.18851830297116634,0.185945046524356,0.21175905657082772,0.19747367029679738,0.1709431828925792,0.17518814009855724,0.16969712957944502,0.16290787827078318,0.18174469445343844,0.17209620505896064,0.5286971575244102,0.5475427445325743,0.5672123611627116,0.5899933033147509,0.5142230442036131,0.549533722147612,0.5190623464346196,0.5382931924616899,0.5583649136907398,0.58161156505202,0.5042923398261743,0.5403248714930488,1.3721783955891928e-06,0.0009135941664377848,1.5491247177124023e-06,1.3345479965209961e-06,1.3654430707295737e-06,1.3127923011779784e-06,1.298983891805013e-06,0.0009148657321929931,0.0009155917167663574,0.0009254364172617594,0.0008996419111887613,0.0009124350547790528
607,15,distance,9.12303470980185,0.5463543368265371,0.5040767962769889,0.5661557058812341,0.5838627610023597,0.5025536192501407,0.5751228017219623,0.20262580804303473,0.1978399150908498,0.1884883276888827,0.19972253594981906,0.19999535452574235,0.19773438825966572,0.181855116787601,0.169695779735579,0.16144813725340676,0.18504234348436982,0.1663562587802538,0.1728795272082421,0.5040767962769889,0.5661557058812341,0.5838627610023597,0.5025536192501407,0.5751228017219623,0.5463543368265371,0.49393867286186766,0.5572866572791468,0.5753556964913347,0.49238435763344857,0.5664370668338252,0.5370804902199247,1.4233986536661784e-06,0.0009228783448537193,1.5754501024882e-06,1.3355414072672526e-06,1.566906770070394e-06,1.3306736946105957e-06,1.30842129389445e-06,0.0009134328365325928,0.000927116870880127,0.0009484942754109701,0.0009150362014770508,0.0009103115399678548
608,15,distance,9.407939177752503,0.549028688465408,0.5557322552025173,0.5242334702823281,0.5513115993382488,0.5498791221193198,0.5639869953846256,0.19469350480072872,0.20276196220634915,0.20094285692682629,0.1940748701828584,0.19578130996319726,0.19765090081599196,0.17368478262229947,0.17811568827827065,0.17046581822412207,0.1708684340497988,0.16881300181963022,0.17238954499882425,0.5557322552025173,0.5242334702823281,0.5513115993382488,0.5498791221193198,0.5639869953846256,0.549028688465408,0.5466501207262484,0.5145074083460214,0.5421390937029149,0.5406773324522531,0.5550736119853334,0.5398095134425542,1.3703703880310056e-06,0.0009080161253611247,1.555780569712321e-06,1.339117685953776e-06,1.3535221417744954e-06,1.3057390848795573e-06,1.2976924578348797e-06,0.0009201459089914957,0.0008853920300801595,0.000917285680770874,0.0009088349342346191,0.0009084220727284749
609,15,distance,9.123302976129168,0.5547305869493149,0.5326376816064198,0.5489673707478442,0.5143517156754888,0.5779961211087195,0.5997000456081021,0.20778889983967186,0.19667561682420284,0.2097056056742589,0.18278198688905595,0.1885894179626086,0.19710830543795965,0.17927253459815523,0.1709374400031361,0.17829338769297637,0.16036762475854066,0.16224020205735265,0.1702222378220322,0.5326376816064198,0.5489673707478442,0.5143517156754888,0.5779961211087195,0.5997000456081021,0.5547305869493149,0.5230834263752052,0.5397469422111731,0.5044236417199621,0.5693691252881141,0.5915167416000906,0.5456279754389091,1.3725956281026204e-06,0.0009131800333658854,1.5528996785481772e-06,1.3296802838643392e-06,1.3585885365804036e-06,1.3207395871480307e-06,1.3010700543721517e-06,0.0008967947959899902,0.00090775728225708,0.000936360756556193,0.0009092585245768229,0.0009157288074493408
610,15,distance,9.269176758148614,0.5481991700252834,0.5384896903024858,0.5359970705360817,0.5747978800504944,0.5495514236697213,0.5421597855676338,0.20447084967944215,0.20524399264500567,0.18915159118571626,0.19759456376521642,0.1936133485576156,0.19801486916659922,0.1766279118611899,0.1804684103528366,0.16426192052645577,0.16718389537153489,0.1733049684788402,0.17236942131817146,0.5384896903024858,0.5359970705360817,0.5747978800504944,0.5495514236697213,0.5421597855676338,0.5481991700252834,0.5290550672763016,0.526511491058114,0.5661055028113222,0.5403429348861382,0.5328001900426109,0.5389630372148974,1.3665755589803058e-06,0.0009126858711242675,1.5590588251749674e-06,1.3337532679239908e-06,1.3376275698343913e-06,1.3081232706705728e-06,1.2943148612976074e-06,0.0009200874964396159,0.0008945846557617187,0.0009355541070302328,0.0009257320562998454,0.0008874710400899251
611,13,distance,9.360817251047965,0.5566863153140243,0.5435381460919566,0.5779378430267745,0.5693684746090348,0.5756676230680615,0.516919489774294,0.20809345046390418,0.19480435591342687,0.1865610298839578,0.18288951925038704,0.20577959213483243,0.19562558952930167,0.1766500307195966,0.164829430372042,0.1720888705155848,0.16548302507495857,0.17497844789387926,0.17080596091521227,0.5435381460919566,0.5779378430267745,0.5693684746090348,0.5756676230680615,0.516919489774294,0.5566863153140243,0.5342067282948586,0.5693096558314105,0.5605651044136488,0.5669930259246487,0.5070439086453188,0.5476236846219771,1.3681451479593913e-06,0.0008756750424702963,1.5387932459513346e-06,1.3435880343119304e-06,1.3561050097147623e-06,1.3074278831481933e-06,1.2948115666707356e-06,0.0008870470523834229,0.0008492581049601237,0.0008912575244903564,0.0008908323446909586,0.0008599801858266195
612,14,distance,9.23449455414545,0.5501232487709871,0.5295543206551732,0.5571712833831571,0.5816212496975302,0.5255053919396493,0.5567639981794256,0.2015867525638602,0.18934333032273584,0.19194473948675883,0.20160666346154354,0.20090633125574336,0.19707756341812838,0.17911747983453613,0.16920612876310795,0.16369010203403192,0.1784602609073749,0.17224278181990466,0.1725433506717911,0.5295543206551732,0.5571712833831571,0.5816212496975302,0.5255053919396493,0.5567639981794256,0.5501232487709871,0.5199370324913948,0.5481185668594738,0.5730683621274626,0.5158053318089437,0.5477029555527699,0.5409264497680091,1.406252384185791e-06,0.000892443815867106,1.5522042910257976e-06,1.3740857442220053e-06,1.4970699946085612e-06,1.3079245885213215e-06,1.2999773025512695e-06,0.0008898961544036865,0.0009154582023620606,0.0008957846959431966,0.0008620389302571614,0.0008990410963694254
613,14,distance,9.383224079621453,0.5505916857704216,0.542268107317933,0.5667540167405118,0.5450764978024558,0.5681450610864667,0.5307147459047405,0.1971577385447059,0.19330687207193004,0.20186585545057725,0.18816760193209853,0.20453017597636675,0.19700564879513566,0.17232383717722594,0.16715805442761858,0.1760821199096637,0.16685343388162918,0.17989659509775188,0.17246280809877787,0.542268107317933,0.5667540167405118,0.5450764978024558,0.5681450610864667,0.5307147459047405,0.5505916857704216,0.5329107262068855,0.5578971993655308,0.5357765284219269,0.5593166807338903,0.5211211802332871,0.541404462992304,1.375397046407064e-06,0.000892871618270874,1.5500187873840331e-06,1.345376173655192e-06,1.3695160547892253e-06,1.3112028439839682e-06,1.3008713722229003e-06,0.000883334477742513,0.000888055960337321,0.0008816488583882649,0.0009141031901041667,0.0008972156047821045
614,14,distance,9.290049462279564,0.5471808042895757,0.570369275623655,0.5123289619419905,0.5529955717824588,0.5464226257229274,0.5537875863768467,0.2013486232798994,0.20470896838605404,0.18914015376424545,0.1932317387061918,0.19624461845937968,0.19693482051915406,0.17379252237904688,0.1755202792854153,0.17538217753881574,0.17381947388976104,0.1691528611211279,0.17353346284283339,0.570369275623655,0.5123289619419905,0.5529955717824588,0.5464226257229274,0.5537875863768467,0.5471808042895757,0.5615863647335082,0.5023595369731726,0.543857491478182,0.537150175141454,0.5446656971716033,0.537923853099584,1.3757546742757161e-06,0.000900140921274821,1.5498201052347818e-06,1.3399124145507813e-06,1.3702114423116048e-06,1.3085206349690755e-06,1.3103087743123373e-06,0.000884625514348348,0.0009295594692230225,0.0008810106913248697,0.0009127302964528402,0.0008927786350250244
615,15,uniform,9.31154603410286,0.5400054689216273,0.5555728629334945,0.541062555408028,0.54325746698763,0.5282348638254866,0.5318995954534973,0.1918498452243071,0.21034757194970083,0.19238676182892642,0.2046348787604149,0.2006877019991483,0.1999813519524995,0.16529420143372864,0.1748954856302579,0.1740818215456671,0.17466386650510132,0.1787895886912329,0.17354499276119756,0.5555728629334945,0.541062555408028,0.54325746698763,0.5282348638254866,0.5318995954534973,0.5400054689216273,0.5464874700122031,0.5316805292834903,0.5339203112872069,0.5185906020978985,0.5223302515786113,0.5306018328518821,1.4208356539408366e-06,0.0009124849637349447,1.565217971801758e-06,1.4020005861918132e-06,1.4991561571757e-06,1.3151764869689942e-06,1.322627067565918e-06,0.0009275464216868083,0.0009123412768046061,0.0009215358893076579,0.0009057819843292236,0.0008952192465464274
616,15,distance,9.387866279929789,0.5502844745430884,0.5677036663721213,0.5373186130045505,0.5468641055872681,0.5692390011403692,0.5302969866111326,0.19349658540817616,0.1952891327251918,0.19706596819993633,0.1957608732178198,0.2061439529875668,0.19755130250773817,0.16761543501598747,0.17679230272365384,0.17147491360792927,0.16675079621162683,0.1770277717232655,0.17193224385649258,0.5677036663721213,0.5373186130045505,0.5468641055872681,0.5692390011403692,0.5302969866111326,0.5502844745430884,0.5588662626182295,0.5278600497269605,0.5376006801478255,0.5604329841279065,0.5206948807156191,0.5410909714673082,1.3682246208190917e-06,0.0009024804433186848,1.5513102213541667e-06,1.318057378133138e-06,1.373887062072754e-06,1.2993812561035157e-06,1.2984871864318848e-06,0.0009052455425262451,0.0009134872754414876,0.0009246210257212321,0.0008844180901845296,0.00088463028271993
617,12,distance,9.356041999458661,0.552791330167738,0.5341835788548999,0.5622355783970729,0.5805327710885404,0.5228023867100973,0.5642023357880792,0.19906828926825043,0.19640772658217517,0.18502421212361844,0.20309036180761977,0.19307950666489865,0.1953340192893125,0.17050870083489916,0.17124528607497058,0.16350387842441394,0.1836625260442955,0.17672340747634369,0.17312875977098457,0.5341835788548999,0.5622355783970729,0.5805327710885404,0.5228023867100973,0.5642023357880792,0.552791330167738,0.5246609262931602,0.5532863909026349,0.571957631826296,0.5130470692322798,0.555293354577614,0.5436490745663969,1.3648668924967448e-06,0.0008534219264984131,1.5445550282796224e-06,1.3265013694763183e-06,1.3386209805806477e-06,1.3121962547302246e-06,1.3024608294169108e-06,0.0008444766203562419,0.0008640376726786296,0.0008648121356964111,0.000842504898707072,0.0008512783050537109
618,15,distance,9.277722335344066,0.5457741251770745,0.5767782734818301,0.5049719419537049,0.5587895212300349,0.5597197881571976,0.5286111010626049,0.18479631226316695,0.20746606227316539,0.19769052545879712,0.2026681783817671,0.19881728579936597,0.1982876728352525,0.1623359364307406,0.18107129266297245,0.16998612357324525,0.17630639082352434,0.17331216211540534,0.1726023811211776,0.5767782734818301,0.5049719419537049,0.5587895212300349,0.5597197881571976,0.5286111010626049,0.5457741251770745,0.5681263812872508,0.49485211793912987,0.5497698862296267,0.5507191705386054,0.5189745307265763,0.5364884173442379,1.3567407925923666e-06,0.0009214374224344889,1.5460451443990071e-06,1.3083219528198242e-06,1.3345479965209961e-06,1.2991825739542643e-06,1.295606295267741e-06,0.0009262200196584066,0.0009256001313527425,0.0009342722098032633,0.0009012460708618164,0.0009198486804962158
619,14,distance,9.316123173329666,0.5468864408072898,0.5738522986853785,0.565870672079229,0.48338032379407203,0.5477725295052136,0.5635563799725556,0.19390975486879075,0.19693294564504227,0.20483868151107223,0.19497847434874893,0.1978808343237838,0.1977081381394876,0.16726650026837717,0.16911919187605415,0.18455488484828697,0.17180635935853297,0.1720385138646036,0.17295709004317095,0.5738522986853785,0.565870672079229,0.48338032379407203,0.5477725295052136,0.5635563799725556,0.5468864408072898,0.565140590992405,0.5569957965510361,0.4728191038375624,0.5385276749124752,0.5546341935324716,0.53762347196519,1.3719201087951662e-06,0.000894371747970581,1.543561617533366e-06,1.3132890065511069e-06,1.3967355092366537e-06,1.3049443562825521e-06,1.3010700543721517e-06,0.0009055121739705404,0.0008927714824676513,0.000890506108601888,0.0008780324459075928,0.0009050365289052328
620,10,uniform,8.330532213777406,0.5558790449365634,0.5873765083648068,0.5072407484086603,0.5842268405807541,0.5629585631403327,0.5375925641882628,0.19028303774146924,0.20957044027356705,0.18326197585123957,0.19516913747601025,0.19430545080519251,0.19451800842949574,0.16496693790545477,0.19068236544326922,0.15566125738971437,0.17585206350837648,0.1758675833051651,0.172606041510396,0.5873765083648068,0.5072407484086603,0.5842268405807541,0.5629585631403327,0.5375925641882628,0.5558790449365634,0.5789412751456888,0.4971673054459753,0.5757272189231205,0.554024155572503,0.5281396012755868,0.546799911272575,1.7057259877522787e-06,0.0008281954924265544,3.2526254653930664e-06,1.338819662729899e-06,1.3390183448791504e-06,1.3108054796854655e-06,1.2873609860738118e-06,0.00082733154296875,0.0008205747604370117,0.0008099583784739176,0.0008284711837768555,0.000854641596476237
621,9,uniform,8.582336764350735,0.5449671159959056,0.55661905287605,0.5645750592115624,0.48238534881267614,0.5497424249026237,0.5715136941766159,0.19469978714720843,0.18774498346050061,0.198205683908687,0.1969369707946799,0.2002706491472553,0.19557161489166625,0.16695572242736417,0.1734422744950457,0.1872506352680885,0.17664301440048064,0.17564948338081357,0.1759882259943585,0.55661905287605,0.5645750592115624,0.48238534881267614,0.5497424249026237,0.5715136941766159,0.5449671159959056,0.5475550471426813,0.5556736975600101,0.4718037886521176,0.5405378407439039,0.5627541785550134,0.5356649105307453,1.4064908027648927e-06,0.0008173727194468181,1.5657146771748861e-06,1.3462702433268229e-06,1.3777613639831542e-06,1.2872616449991863e-06,1.4554460843404134e-06,0.0007904664675394694,0.0007972657680511474,0.0008004478613535563,0.0008268725872039795,0.0008718109130859375
622,8,uniform,8.541785715409405,0.5633015230669154,0.5903388475269221,0.5454158695712096,0.5541273510760591,0.5744554802086763,0.5521700669517098,0.17999319223302612,0.19875006690214755,0.20309563693823526,0.1915846560133424,0.19224616959822882,0.19313394433699604,0.16645902736494197,0.18289816966000286,0.17064681508240662,0.16315188501568534,0.17296731306953872,0.17122464203851512,0.5903388475269221,0.5454158695712096,0.5541273510760591,0.5744554802086763,0.5521700669517098,0.5633015230669154,0.5819641732003855,0.5361228379440452,0.5450124076568303,0.5657561033134533,0.5430151109098367,0.5543741266049101,1.4120539029439291e-06,0.0007868288358052571,1.616974671681722e-06,1.3404091199239095e-06,1.3615687688191732e-06,1.3049443562825521e-06,1.4363725980122884e-06,0.0007823177178700765,0.0007980302969614665,0.0007427326838175455,0.0007771472136179606,0.0008339162667592366
623,9,uniform,8.592998125532569,0.5543321004404355,0.6134965797969409,0.5644356533230561,0.5412601654573503,0.5395414394404844,0.5129266641843457,0.1898645956118502,0.18956435994065501,0.1971698049647084,0.1984574033535697,0.19303280957090801,0.19361779468833826,0.16502416169457182,0.17314677821928165,0.18250304256824665,0.17285318770347166,0.17617715455075258,0.17394086494726488,0.6134965797969409,0.5644356533230561,0.5412601654573503,0.5395414394404844,0.5129266641843457,0.5543321004404355,0.6055953173737098,0.5555314418066619,0.5318821790612485,0.530128317248467,0.5029694580007208,0.5452213426981616,1.4093319574991861e-06,0.0008087580204010011,1.6014774640401204e-06,1.3344486554463704e-06,1.4005104700724284e-06,1.2894471486409505e-06,1.4207760492960612e-06,0.0008029778798421224,0.0007847297191619873,0.0007680447896321615,0.000821078618367513,0.0008669590950012207
624,8,uniform,8.388009514486725,0.555992962045732,0.572499865099222,0.5204817720886148,0.5552698160871246,0.558010715588445,0.5737026413652535,0.18552181858825628,0.20082462149964056,0.1944494311811682,0.19253719680490994,0.1949018924479637,0.19364699210438774,0.1693988966859886,0.18292444185969245,0.17728668442485884,0.16717054947794785,0.17197413120795102,0.17375094073128775,0.572499865099222,0.5204817720886148,0.5552698160871246,0.558010715588445,0.5737026413652535,0.555992962045732,0.5637605097009097,0.5106790144481776,0.5461782280003196,0.5489751595187028,0.5649878742381378,0.5469161571812495,1.3844768206278484e-06,0.0007788511117299399,1.608133316040039e-06,1.3454755147298178e-06,1.3406078020731608e-06,1.2970964113871257e-06,1.3310710589090983e-06,0.0007812746365865071,0.0007562772432963054,0.0007779320081075032,0.0008100533485412598,0.0007687183221181233
625,9,uniform,8.793001653137413,0.5536451125011415,0.5429364082176023,0.5515563070570392,0.5687314520260636,0.56803529072048,0.5369661044845224,0.20358287227352817,0.1891648113294763,0.1933643124932666,0.18746165670963408,0.2003172840012238,0.1947781873614258,0.17677637536621182,0.17530948948809355,0.16920028726127417,0.16666803842464353,0.18054258167424408,0.17369935444289344,0.5429364082176023,0.5515563070570392,0.5687314520260636,0.56803529072048,0.5369661044845224,0.5536451125011415,0.5335926891351681,0.5423888039645084,0.5599150592225078,0.5592046663399787,0.5275003348998789,0.5445203107124084,1.392205556233724e-06,0.00080203914642334,1.5619397163391112e-06,1.3592839241027832e-06,1.4030933380126953e-06,1.295606295267741e-06,1.341104507446289e-06,0.0007735717296600341,0.0007969605922698975,0.0007969907919565837,0.0008379650115966796,0.0008047076066335043
626,8,uniform,8.700538096165179,0.5567899193183072,0.5350664283317488,0.565489948108409,0.5528964951639583,0.5381784197587569,0.5923183052286634,0.19701633640996685,0.1867923344753481,0.2091191485090147,0.19681185146961647,0.17956543884967863,0.19386102194272495,0.1765876478182949,0.16856749950416866,0.18033572301660777,0.1774245063109411,0.1628649895233646,0.17315607323467538,0.5350664283317488,0.565489948108409,0.5528964951639583,0.5381784197587569,0.5923183052286634,0.5567899193183072,0.5255618238002002,0.5566072894666729,0.5437563894432897,0.5287374334505884,0.583984096817665,0.5477294065956833,2.005974451700846e-06,0.0007789333661397299,4.487534364064534e-06,1.3936559359232585e-06,1.4905134836832683e-06,1.309514045715332e-06,1.3486544291178385e-06,0.0007862174510955811,0.0007996312777201334,0.0007520961761474609,0.000768057902654012,0.0007886640230814616
627,9,uniform,8.542255549702544,0.5570218740342936,0.5746449274098415,0.5243920455372821,0.5710369754503508,0.5336543406699401,0.5813810811040538,0.19007139312545354,0.1955049337712318,0.19821143959975232,0.19626669003990435,0.1877472671500145,0.1935603447372713,0.16853682073427995,0.18375223241842858,0.16949378984274158,0.17594856622957047,0.1680296464294796,0.1731522111309,0.5746449274098415,0.5243920455372821,0.5710369754503508,0.5336543406699401,0.5813810811040538,0.5570218740342936,0.5659494233705198,0.5146692253438365,0.5622677143011245,0.5241208689289509,0.5728232837842049,0.5479661031457272,1.3850927352905273e-06,0.0008014064629872638,1.5613436698913574e-06,1.3355414072672526e-06,1.398026943206787e-06,1.2882550557454427e-06,1.3422966003417968e-06,0.0008146484692891439,0.0007608187198638916,0.0008053278923034668,0.0008206995328267415,0.0008055377006530762
628,8,uniform,8.339206326666933,0.5502472949185447,0.5798252761901229,0.5401863028165574,0.5304993381112035,0.5311465431997513,0.5695790142750887,0.19132646417885857,0.19882979638224296,0.1921813893263373,0.20451909377869396,0.18828906668283266,0.1950291620697931,0.16760824128768786,0.17600362155588578,0.17551368390705266,0.18488031941310448,0.16846714828747927,0.17449460289024202,0.5798252761901229,0.5401863028165574,0.5304993381112035,0.5311465431997513,0.5695790142750887,0.5502472949185447,0.5712356736590862,0.5307863635214956,0.5209013688732724,0.5215618047302402,0.5607799481273903,0.5410530317822969,1.4046430587768556e-06,0.0007991866270701091,1.5881657600402832e-06,1.3350447018941244e-06,1.3147791226704916e-06,1.294414202372233e-06,1.4908115069071452e-06,0.0007845834891001384,0.0007707905769348144,0.0007697884241739908,0.000819315512975057,0.0008514551321665446
629,8,uniform,8.755473036537053,0.5586239026688047,0.5967426764179645,0.5391662096289176,0.5722636789324572,0.5480678876377013,0.5368790607269824,0.18717111617141816,0.2045162202033877,0.1887772818067458,0.19443398287093747,0.19525760667259384,0.19403124154501658,0.16009347846914843,0.18335223184867355,0.16865002685277847,0.17599936167760402,0.17169832117742062,0.17195868400512504,0.5967426764179645,0.5391662096289176,0.5722636789324572,0.5480678876377013,0.5368790607269824,0.5586239026688047,0.5884989151181614,0.529745416640071,0.5635194951968345,0.5388290710306356,0.5274115117128833,0.5496008819397172,1.3784170150756835e-06,0.0007721088727315268,1.5703837076822917e-06,1.3463695844014486e-06,1.3256072998046874e-06,1.298983891805013e-06,1.3507405916849771e-06,0.0007527049382527669,0.0007760560512542724,0.0007824993133544922,0.000763153632481893,0.000786130428314209
630,15,uniform,2.7894039050749804,0.5916688945104583,0.6260628081008737,0.5935254360330429,0.5324133406943041,0.6066504137947926,0.5996924739292785,0.17803351737481543,0.1874862057385148,0.19348521789293363,0.17932303833555796,0.192942658162911,0.18625412750094655,0.15505139814696287,0.16207901134253955,0.18198090346110665,0.16585705378422164,0.16245137331012743,0.16548394800899163,0.6260628081008737,0.5935254360330429,0.5324133406943041,0.6066504137947926,0.5996924739292785,0.5916688945104583,0.6184184362051505,0.5852159049127643,0.5228544992774926,0.5986091956781614,0.5915090151339657,0.5833214102415069,1.3928612073262532e-06,0.0011930294036865234,1.5740593274434409e-06,1.3187527656555176e-06,1.3194481531778971e-06,1.4020005861918132e-06,1.3500452041625976e-06,0.0012051673730214436,0.0012022765477498372,0.0012035306294759115,0.0011869808038075765,0.0011671916643778482
631,15,uniform,2.7609913961761787,0.5941020503766378,0.5753936267518361,0.6074339023036939,0.5903453546559898,0.6269372761575323,0.5704000920141372,0.19014695740343843,0.18787541765708335,0.18375893394508075,0.1716264834044067,0.1985550958456408,0.18639257765113,0.17009241444171191,0.15342353894682714,0.16869556804807892,0.15806992587978047,0.173729885647372,0.1648022665927541,0.5753936267518361,0.6074339023036939,0.5903453546559898,0.6269372761575323,0.5704000920141372,0.5941020503766378,0.5667134283208686,0.5994087009879261,0.5819708133542383,0.6193107809512126,0.5616178111013087,0.5858043069431108,1.3890862464904785e-06,0.0011987193425496419,1.564323902130127e-06,1.3256072998046874e-06,1.3097127278645833e-06,1.408259073893229e-06,1.3375282287597657e-06,0.0011973194281260174,0.0011686317125956217,0.0012239094575246176,0.0011997612317403157,0.0012039748827616375
632,9,uniform,8.551225988098885,0.5573857701357037,0.5240601034733826,0.5607020510502614,0.5138095240951674,0.6190511383902455,0.569306033669461,0.2006346222027966,0.19144745504186073,0.2035008457650153,0.1789965818218345,0.19487077112512102,0.19389005519132563,0.17901057181832986,0.17430402462248384,0.18712535689903464,0.15080647446745296,0.17167725803238,0.17258473716793626,0.5240601034733826,0.5607020510502614,0.5138095240951674,0.6190511383902455,0.569306033669461,0.5573857701357037,0.5143304974115097,0.5517215137633843,0.5038703661550346,0.6112634274203698,0.5605013869983085,0.5483374383497213,1.3917088508605957e-06,0.0008238982359568279,1.581112543741862e-06,1.3190507888793945e-06,1.345078150431315e-06,1.2961030006408692e-06,1.4171997706095378e-06,0.0007893900076548258,0.0007679597536722819,0.0008181830247243246,0.0008615485827128093,0.0008824098110198974
633,14,uniform,2.772810079236619,0.5878225896326719,0.576255213978728,0.5847623461588524,0.5944223538247071,0.5864269192964691,0.5972461149046027,0.18915730618163826,0.1873458478679158,0.1868026147331227,0.18581640151939,0.18851704735290467,0.18752784353099428,0.17315615344513952,0.16502869888995694,0.16432004875727826,0.16116595187375937,0.16634593981001697,0.1660033585552302,0.576255213978728,0.5847623461588524,0.5944223538247071,0.5864269192964691,0.5972461149046027,0.5878225896326719,0.5675926289152609,0.5762736718043484,0.5861311583321969,0.5779722736943527,0.5890126453626183,0.5793964756217554,1.3841390609741212e-06,0.0011840544541676839,1.5256802241007488e-06,1.3103087743123373e-06,1.3198455174763998e-06,1.4096498489379882e-06,1.3552109400431316e-06,0.0011787931124369302,0.001183036963144938,0.0012028038501739502,0.001176752249399821,0.00117888609568278
634,15,uniform,2.9598894958832638,0.589209279218913,0.5450358460364273,0.6058548018880259,0.5869873733223764,0.6152284932268559,0.5929398816208798,0.18534243781394757,0.1798467782641169,0.19439681738498119,0.18887112408422568,0.1913057727274451,0.1879525860549433,0.1693297582268145,0.15664945266588726,0.1725562863587376,0.16067897197368755,0.16442220292485996,0.16472733442999737,0.5450358460364273,0.6058548018880259,0.5869873733223764,0.6152284932268559,0.5929398816208798,0.589209279218913,0.5357350456146848,0.5977973191327555,0.5785441850427657,0.6073626361889041,0.5846183800526525,0.5808115132063525,1.4152725537618001e-06,0.001189829428990682,1.5843907992045085e-06,1.3256072998046874e-06,1.3152758280436198e-06,1.4971693356831868e-06,1.353919506072998e-06,0.00116263747215271,0.0011427541573842367,0.0012351874510447185,0.0012317963441212973,0.0011767717202504477
635,15,uniform,2.622329348592566,0.5905724204640956,0.6146089795333342,0.6027780116340986,0.6159126589709798,0.5493741394793248,0.5701883127027404,0.18841050501306422,0.18589212240289002,0.1797270532873661,0.1869891184732972,0.19317158418172328,0.18683807667166816,0.1636636892898905,0.1575859001389323,0.15903413770435088,0.17157590529265326,0.174309853671208,0.165233897219407,0.6146089795333342,0.6027780116340986,0.6159126589709798,0.5493741394793248,0.5701883127027404,0.5905724204640956,0.6067304578202166,0.5946576302705708,0.6080607882855484,0.5401620264874201,0.561401702400241,0.5822025210527995,1.4317631721496583e-06,0.0012439947128295898,1.622935136159261e-06,1.3636549313863119e-06,1.3167659441630045e-06,1.5123685201009115e-06,1.3430913289388022e-06,0.0012077101071675618,0.0012271602948506672,0.0013296099503835041,0.001244022846221924,0.001211470365524292
636,9,uniform,8.549039138991766,0.5489644177295363,0.5848585660051817,0.6012510516348955,0.5066533625716837,0.5756159991479133,0.4764431092880076,0.18360068614841854,0.1869677031285759,0.19879948408917003,0.18942347598435907,0.21803888730964346,0.1953660473320334,0.17266754269041118,0.16602589362625822,0.17693993828663251,0.16225126126606065,0.19339291759730434,0.1742555106933334,0.5848585660051817,0.6012510516348955,0.5066533625716837,0.5756159991479133,0.4764431092880076,0.5489644177295363,0.5763718586662757,0.593099454734757,0.4965679117213604,0.5669403466603067,0.4657400723398919,0.5397439288245183,1.4020601908365887e-06,0.0008296855290730794,1.5724698702494304e-06,1.318057378133138e-06,1.367628574371338e-06,1.2969970703125e-06,1.4551480611165365e-06,0.0008119360605875651,0.0008076349894205729,0.0007835749785105388,0.0008839746316274007,0.0008613069852193197
637,14,uniform,2.80489984540774,0.5928883885726974,0.59400622233486,0.5828072607733712,0.6051678341583658,0.6010252779092902,0.5814353476876001,0.18736324458670628,0.19419289138770998,0.18177079867652557,0.18163029949612017,0.1863537715336647,0.18626220113614536,0.16972072419966444,0.17071243471023825,0.1622847339617429,0.1569011968524652,0.16803646378100962,0.16553111070102408,0.59400622233486,0.5828072607733712,0.6051678341583658,0.6010252779092902,0.5814353476876001,0.5928883885726974,0.5857065198953681,0.5742786187448881,0.5970963077697804,0.5928690655326487,0.5728786597357283,0.5845658343356828,1.4084577560424806e-06,0.0011868191560109455,1.5807151794433593e-06,1.3287862141927083e-06,1.3120969136555989e-06,1.4825661977132162e-06,1.3381242752075195e-06,0.0011692512035369872,0.0011489748954772948,0.0012521374225616456,0.0012079215049743653,0.0011558107535044352
638,8,uniform,8.547944062930098,0.549053293221507,0.5400562724845039,0.5385392497281285,0.5700297815147706,0.5584028643302774,0.5382382980498541,0.20234871466503576,0.20597017138970966,0.18865917991948444,0.18935849676932015,0.19013460674915894,0.19529423389854178,0.17896284810984261,0.17457709005216585,0.17303287587067734,0.1718406127906855,0.17609765848173642,0.17490221706102155,0.5400562724845039,0.5385392497281285,0.5700297815147706,0.5584028643302774,0.5382382980498541,0.549053293221507,0.5306536749884461,0.529105639841821,0.5612399303702684,0.5493753249298742,0.5287985358294083,0.5398346211919636,1.7081896464029947e-06,0.0007810312112172445,3.2807389895121255e-06,1.30613644917806e-06,1.311500867207845e-06,1.2843807538350422e-06,1.358191172281901e-06,0.0007603716850280762,0.0007722711563110351,0.00075874129931132,0.0008068180084228516,0.0008069539070129395
639,9,uniform,8.868773075381709,0.5594187394888364,0.585873004961553,0.5554049059284607,0.5307346867368321,0.5452307286255083,0.5798503711918281,0.191369398587847,0.1944337890423082,0.19987023386459557,0.1984670752443845,0.18243661601233904,0.19331542255029485,0.17371265852944814,0.1734561594274066,0.17689149062473777,0.17037892339645822,0.16751062411807688,0.17238997121922553,0.585873004961553,0.5554049059284607,0.5307346867368321,0.5452307286255083,0.5798503711918281,0.5594187394888364,0.577407035727377,0.5463160794738466,0.5211415287144164,0.5359339121749225,0.5712612816761585,0.5504119675533442,1.399517059326172e-06,0.0008070812225341797,1.5767415364583333e-06,1.3112028439839682e-06,1.367032527923584e-06,1.3143817583719889e-06,1.428226629892985e-06,0.0007872068881988525,0.0008071331183115641,0.0007703816890716553,0.0008423205216725667,0.0008283638954162597
640,15,distance,2.51190206307475,0.6110008869051092,0.6377502995271478,0.5702247842786985,0.601460565619951,0.6036229197974239,0.6419458653023251,0.17202596728842806,0.194863959913108,0.17773971901349706,0.18867505050773634,0.18143289632806406,0.1829475186101667,0.14850661005938354,0.1770827569262209,0.1565817877070702,0.17062086738010868,0.15015364297065806,0.1605891330086883,0.6377502995271478,0.5702247842786985,0.601460565619951,0.6036229197974239,0.6419458653023251,0.6110008869051092,0.6303448542023196,0.561438919562079,0.5933132517995752,0.5955198108324649,0.6346261896355924,0.6030486052064062,1.3816157976786295e-06,0.0012561501661936443,1.5931328137715657e-06,1.3540188471476236e-06,1.3555089632670085e-06,1.3081232706705728e-06,1.297295093536377e-06,0.0012842297554016113,0.001229145129521688,0.001268395185470581,0.0012449280420939127,0.001254052718480428
641,8,uniform,2.623947636361666,0.5918790100055529,0.6046075953983014,0.5772711564325359,0.539656417228965,0.6205707733705432,0.6172891075974188,0.1737164384836063,0.18803794491758055,0.196616329737774,0.1777370349155674,0.1826114093479326,0.18374383148049217,0.16481930540997114,0.16957353456924235,0.17759913560009782,0.163012431219802,0.16673786153930134,0.16834845366768295,0.6046075953983014,0.5772711564325359,0.539656417228965,0.6205707733705432,0.6172891075974188,0.5918790100055529,0.5965246160878749,0.5686293402096917,0.5302456455198467,0.6128141281924282,0.6094653755551174,0.5835358211129917,1.3861854871114095e-06,0.00107999857266744,1.5777349472045898e-06,1.3579924901326498e-06,1.3774633407592773e-06,1.3151764869689942e-06,1.3025601704915364e-06,0.0010877728462219238,0.0010786016782124838,0.0011005051930745443,0.0010692997773488362,0.0010638133684794109
642,7,uniform,2.0003785629751203,0.6183400806433342,0.6578945493833259,0.6219914274928804,0.6074340486380396,0.5942432109581915,0.6101371667442332,0.1680104115106763,0.1780786719898784,0.1843948666328936,0.18143457784115335,0.1745481701041183,0.17729333961574398,0.1561388815518255,0.16477865788512275,0.16293323395196227,0.17310867521971188,0.1583118391155034,0.16305425754482514,0.6578945493833259,0.6219914274928804,0.6074340486380396,0.5942432109581915,0.6101371667442332,0.6183400806433342,0.6509009115512985,0.6142638246477604,0.5994088503137747,0.5859483532605736,0.6021672280746093,0.6105378335696032,1.3868212699890139e-06,0.0011850483417510985,1.610120137532552e-06,1.3608733812967936e-06,1.3568003972371418e-06,1.3064344724019368e-06,1.299877961476644e-06,0.001170790990193685,0.001205662488937378,0.0011836377779642741,0.0011831792195638022,0.0011819712320963543
643,15,distance,2.000780404033174,0.6160034939166162,0.6288900473007928,0.5860448310370514,0.6157807398981838,0.6076170511643116,0.6416848001827417,0.17132149511953673,0.19258379454567362,0.17735086041650458,0.17903376171930244,0.18260537981943395,0.18057905832409024,0.15577333040805652,0.1690183186371309,0.16292298555261137,0.16367479368917906,0.15356207198796115,0.1609903000549878,0.6288900473007928,0.5860448310370514,0.6157807398981838,0.6076170511643116,0.6416848001827417,0.6160034939166162,0.6213034724585602,0.5775823744313353,0.6079261724003613,0.5995955939479092,0.6343597875800038,0.6081534801636339,1.3741453488667807e-06,0.0013552076816558838,1.606444517771403e-06,1.3375282287597657e-06,1.34199857711792e-06,1.293321450551351e-06,1.2914339701334636e-06,0.001356194814046224,0.001381748914718628,0.0013298924763997396,0.0013607251644134522,0.0013474770387013754
644,9,distance,2.0,0.6260743225543489,0.6266977956188089,0.5840541876728348,0.6071672798711336,0.6967191606768555,0.6157331889321118,0.17020438556643683,0.1883987215297311,0.1789931000656003,0.16043550996629924,0.17834890763385075,0.17527612495238362,0.1619044781309748,0.16684983930225072,0.16907563519771526,0.14758075546556787,0.16298586723405029,0.16167931506611177,0.6266977956188089,0.5840541876728348,0.6071672798711336,0.6967191606768555,0.6157331889321118,0.6260743225543489,0.6190664047285631,0.5755510364838639,0.5991366280115997,0.6905192116617316,0.6078776493532112,0.6184301860477939,1.3483365376790366e-06,4.413207372029623e-05,1.5752514203389486e-06,1.32600466410319e-06,1.276532808939616e-06,1.2828906377156576e-06,1.2810031572977702e-06,4.5065482457478844e-05,4.3981472651163736e-05,4.416505495707194e-05,4.409035046895345e-05,4.335800806681315e-05
645,15,uniform,2.0018594185614784,0.6133123792182541,0.5840407848656388,0.6221982336116272,0.6386032744832888,0.5888312425503262,0.6328883605803899,0.18531317437170713,0.1780930006702688,0.17086701014223019,0.1879317934724648,0.1829342694770548,0.18102784962674515,0.1695934797593226,0.16358262481533692,0.15524360798947962,0.16877555737444552,0.15193163363786977,0.1618253807152909,0.5840407848656388,0.6221982336116272,0.6386032744832888,0.5888312425503262,0.6328883605803899,0.6133123792182541,0.5755373596840164,0.6144748584895481,0.6312152664659114,0.5804257483605544,0.6253835229772633,0.6054073511954587,1.3648668924967448e-06,0.001351486047108968,1.5623370806376139e-06,1.3306736946105957e-06,1.333157221476237e-06,1.3065338134765626e-06,1.291632652282715e-06,0.0013528045018513998,0.0013422815004984537,0.0013454937934875488,0.001348797082901001,0.0013680533568064372
646,7,uniform,2.004978709758385,0.6125866274809493,0.6232260795536027,0.5723357422225452,0.6598762115884049,0.6111617316805261,0.5963333723596675,0.17741020131631685,0.19301795999812002,0.1668439191166019,0.18475924869457905,0.17492331755847756,0.17939092933681908,0.15876677306239392,0.18118767851156664,0.14796931580533915,0.16390693109197071,0.1675969325265718,0.16388552619956845,0.6232260795536027,0.5723357422225452,0.6598762115884049,0.6111617316805261,0.5963333723596675,0.6125866274809493,0.6155237166143237,0.5635930316717284,0.6529230847384234,0.6032127381203325,0.5880812436855892,0.6046667629660795,1.3815363248189291e-06,0.0011915348370869954,1.6150871912638347e-06,1.3387203216552735e-06,1.3589859008789063e-06,1.30156675974528e-06,1.293321450551351e-06,0.0012097970644632976,0.0011938345432281495,0.0011676331361134848,0.001195611556371053,0.0011907978852589926
647,7,uniform,2.0011887083161017,0.6095229879536391,0.6388580557685409,0.624579285113718,0.6250447312635726,0.587018537962263,0.5721143296601006,0.1784547820721507,0.17095767744409954,0.17873093634218937,0.18147174407169042,0.19017087764786592,0.17995720351559918,0.1566940717240707,0.16427641873038018,0.16029163189884044,0.172775592568465,0.1680302875354113,0.16441360049143353,0.6388580557685409,0.624579285113718,0.6250447312635726,0.587018537962263,0.5721143296601006,0.6095229879536391,0.6314752562271824,0.6169045856611874,0.6173795468941737,0.5785759867792087,0.5633670927877347,0.6015404936698975,1.3913909594217937e-06,0.0012041300932566323,1.6111135482788087e-06,1.3608733812967936e-06,1.352230707804362e-06,1.3264020284016927e-06,1.3063351313273113e-06,0.0012022622426350912,0.0012339333693186442,0.0011972594261169434,0.0011905427773793538,0.0011966526508331299
648,8,distance,2.0,0.6207133177808652,0.5945157613728409,0.6205718318329552,0.6094975819539368,0.6652119995909522,0.6137694141536407,0.1814257679125167,0.17635904836817626,0.18188363923164894,0.16383377416676667,0.18063687494857925,0.17682782092553756,0.15984763255048198,0.16250538429376019,0.16573569739578406,0.15693785169424485,0.16872520447053013,0.16275035408096022,0.5945157613728409,0.6205718318329552,0.6094975819539368,0.6652119995909522,0.6137694141536407,0.6207133177808652,0.5862264754043129,0.6128152082929134,0.6015145682971177,0.6583679518824197,0.605873729264107,0.6129595866281742,1.3646682103474935e-06,4.339726765950521e-05,1.5701850255330404e-06,1.3322631518046061e-06,1.3287862141927083e-06,1.3034542401631673e-06,1.2886524200439454e-06,4.383285840352376e-05,4.340092341105143e-05,4.3561458587646486e-05,4.297892252604167e-05,4.3212175369262696e-05
649,15,distance,2.013077451449268,0.6102734066686036,0.6541695992342509,0.5633724579451898,0.6218324947526936,0.6256050392996588,0.5863874421112252,0.17787701921195426,0.18728303903275378,0.1771368250111089,0.17805904107703982,0.188620753120655,0.18179533549070234,0.14924784740728142,0.17400739129831477,0.15599781752399183,0.1620092974422636,0.1686143037894683,0.16197533149226398,0.6541695992342509,0.5633724579451898,0.6218324947526936,0.6256050392996588,0.5863874421112252,0.6102734066686036,0.6470998125065013,0.5544465115999466,0.614101642856667,0.617951309268306,0.5779319894797681,0.6023062531422377,1.3693968454996745e-06,0.001348302205403646,1.561443010965983e-06,1.3392170270284017e-06,1.3490517934163411e-06,1.3026595115661621e-06,1.2946128845214843e-06,0.0013606075445810953,0.0013524774710337321,0.0013500964641571045,0.0013458665211995443,0.001332463026046753
650,15,distance,2.0138183407982178,0.6152876027875553,0.6144103490551974,0.6461683234887099,0.6303479022912568,0.6174414897407463,0.5680699493618662,0.1840934020125636,0.17800178685466145,0.17995768378354723,0.18302931635928318,0.18051549390936772,0.18111953658388463,0.16401146299381775,0.15637861343241255,0.15967503969843824,0.1592283606584067,0.16162333910886148,0.16018336317838736,0.6144103490551974,0.6461683234887099,0.6303479022912568,0.6174414897407463,0.5680699493618662,0.6152876027875553,0.6065277667530891,0.6389349672397568,0.622791130276768,0.6096208728359575,0.5592400335055501,0.6074229541222242,1.369357109069824e-06,0.001348270018895467,1.5760461489359538e-06,1.3327598571777343e-06,1.3504425684611002e-06,1.2945135434468587e-06,1.2930234273274739e-06,0.0013674406210581462,0.0013475159804026285,0.0013592962423960367,0.0013415932655334473,0.0013255039850870768
651,8,distance,2.0,0.6114524809614804,0.6082676207676194,0.6380854618496351,0.6015447142110504,0.6226315004542335,0.5867331075248639,0.1803978257566701,0.1729300485539422,0.18430650453154204,0.17380342771195956,0.18387021552790458,0.1790616044164037,0.16996360591115284,0.155975951355994,0.1691827911847413,0.15592343677182285,0.17360901401831708,0.1649309598484056,0.6082676207676194,0.6380854618496351,0.6015447142110504,0.6226315004542335,0.5867331075248639,0.6114524809614804,0.6002594631001772,0.6306868682247555,0.5933991206344449,0.6149169825759555,0.5782847213073142,0.6035094311685295,1.3431708017985028e-06,4.3025414148966466e-05,1.5112757682800293e-06,1.3207395871480307e-06,1.2971957524617512e-06,1.298983891805013e-06,1.2876590092976887e-06,4.2181809743245446e-05,4.359086354573568e-05,4.3192307154337564e-05,4.2957067489624026e-05,4.320502281188965e-05
652,15,uniform,2.003828786877013,0.6074783592789144,0.6165788225899713,0.5839463506177078,0.6176502609562787,0.6250707087918551,0.5941456534387587,0.1900939695676726,0.1885539686878458,0.1795720621150862,0.1689509339792346,0.1842271092328798,0.18227960871654378,0.162757121637139,0.1694565242327746,0.16032472296834877,0.16119526235385842,0.16173830325996377,0.16309438689041691,0.6165788225899713,0.5839463506177078,0.6176502609562787,0.6250707087918551,0.5941456534387587,0.6074783592789144,0.6087405702408737,0.575440994923351,0.609833911946867,0.6174060554792525,0.5858488013795851,0.5994540667939858,1.3798872629801434e-06,0.0013555242220560711,1.597106456756592e-06,1.343687375386556e-06,1.3518333435058594e-06,1.3001759847005208e-06,1.3066331545511882e-06,0.0013839578628540039,0.0013472942511240642,0.0013289872805277506,0.0013666292031606039,0.0013507525126139322
653,8,uniform,2.002930962287391,0.6231552095329995,0.6474295129449836,0.6578552808382356,0.6314101140471459,0.5553817250041534,0.6236994148304792,0.17853497832001217,0.16053749111891183,0.1751274281662409,0.18904005952838873,0.18225615046123905,0.17709922151895854,0.1620885700035971,0.15269220953895543,0.15553599538708174,0.18113095780700442,0.15359012822129758,0.16100757219158726,0.6474295129449836,0.6578552808382356,0.6314101140471459,0.5553817250041534,0.6236994148304792,0.6231552095329995,0.6402219391039952,0.6508608402420837,0.6238750567533908,0.5462924246635228,0.6160067282512045,0.6154513978028394,1.3719995816548666e-06,0.0012164469559987387,1.5707810719807942e-06,1.349945863087972e-06,1.3422966003417968e-06,1.3005733489990235e-06,1.296401023864746e-06,0.0012291085720062256,0.0012086872259775797,0.0012005539735158285,0.0012272938092549642,0.001216591199239095
654,15,distance,2.003528930619235,0.6117779877231269,0.6380969555474281,0.5873089884635765,0.6311658280746311,0.5912377477823714,0.6110804187476276,0.17018861803134558,0.18779093787256773,0.17947207244966307,0.17810475716795596,0.1900255952414378,0.18111639615259403,0.16045928766929843,0.15931465532730119,0.15793253627346934,0.17342741054645977,0.15951758488245377,0.16213029493979647,0.6380969555474281,0.5873089884635765,0.6311658280746311,0.5912377477823714,0.6110804187476276,0.6117779877231269,0.6306985968874095,0.5788723749398336,0.6236257768598024,0.5828814496109718,0.6031297629128262,0.6038415922421686,1.3818144798278808e-06,0.001359901984532674,1.5883644421895345e-06,1.3483564058939616e-06,1.3343493143717448e-06,1.30613644917806e-06,1.3318657875061034e-06,0.0013551779588063559,0.0013570630550384522,0.00135010560353597,0.0013571929931640624,0.0013799703121185304
655,15,distance,2.0075204536507867,0.6215407689709564,0.6229580902021004,0.6238260012308927,0.6326476345490707,0.6149907972521884,0.6132813216205302,0.18463905124008176,0.1798881829148123,0.177234687315297,0.17733275342740049,0.1787946290307041,0.17957786078565913,0.16164554171012746,0.15480239150573097,0.15701540355276283,0.16310087782948962,0.1608022177676696,0.1594732864731561,0.6229580902021004,0.6238260012308927,0.6326476345490707,0.6149907972521884,0.6132813216205302,0.6215407689709564,0.6152502487752267,0.61613590244856,0.6251378758004997,0.6071200810120287,0.6053756586894337,0.6138039533451498,1.6967256863911945e-06,0.0013399200439453123,3.194212913513184e-06,1.335740089416504e-06,1.354515552520752e-06,1.3030568758646648e-06,1.2961030006408692e-06,0.0013667444388071697,0.0013434398174285889,0.001340566078821818,0.0013127819697062175,0.0013360679149627686
656,7,uniform,2.000488263943282,0.6174401560931049,0.6174217394808871,0.5912850686486733,0.6570388599647501,0.6083675645781201,0.6130875477930935,0.17907075801562192,0.1835507158567132,0.16474202951592787,0.1804256166606185,0.1813268812652649,0.17782320026282927,0.15741158903076344,0.16938621891385855,0.1546303686981845,0.16808119172232416,0.16694308333980196,0.1632904903409865,0.6174217394808871,0.5912850686486733,0.6570388599647501,0.6083675645781201,0.6130875477930935,0.6174401560931049,0.6096007188229154,0.5829297378544382,0.6500277293337058,0.6003614500550153,0.6051779235571771,0.6096195119246504,1.7560521761576334e-06,0.001187464475631714,3.445645173390706e-06,1.3630588849385579e-06,1.3640522956848145e-06,1.3085206349690755e-06,1.298983891805013e-06,0.0012078372637430827,0.0011884133021036784,0.0011926436424255372,0.0011805546283721923,0.0011678735415140788
657,8,uniform,2.0056211573512392,0.6170434417580255,0.6325069796032561,0.6019420578489825,0.6246382217794545,0.626269398823507,0.5998605507349277,0.17641148584186264,0.18435495352377987,0.1790264438773702,0.1679310032400747,0.18332085055055325,0.17820894740672816,0.16102834527902385,0.15911167638653284,0.16879416069376216,0.15996587791136227,0.1655606342087927,0.16289213889589477,0.6325069796032561,0.6019420578489825,0.6246382217794545,0.626269398823507,0.5998605507349277,0.6170434417580255,0.6249943454554521,0.5938045871406141,0.6169647271650651,0.6186292502474968,0.5916805279220131,0.6092146875861282,1.3741056124369304e-06,0.001205039103825887,1.56402587890625e-06,1.3401110967000326e-06,1.3519326845804851e-06,1.3014674186706543e-06,1.3129909833272298e-06,0.0012169468402862549,0.0011928987503051758,0.0012058365345001222,0.0012065474192301433,0.0012029659748077392
658,15,distance,2.0190256738223615,0.6191236774435794,0.5996938330874482,0.5976598459385611,0.6531462865209797,0.6218136531779886,0.6233047684929197,0.18145520822474587,0.188380767719478,0.17506198713679125,0.17653174864308718,0.17912629717940623,0.1801112017807017,0.17124903138708186,0.1685985400193978,0.1458214221578839,0.14919143270215832,0.16457769873136313,0.159887624999577,0.5996938330874482,0.5976598459385611,0.6531462865209797,0.6218136531779886,0.6233047684929197,0.6191236774435794,0.5915104020773108,0.5894348342712064,0.6460555802829078,0.6140824161049663,0.615604014186131,0.6113374493845043,1.3619462649027507e-06,0.0013451353708902993,1.5545884768168132e-06,1.326600710550944e-06,1.3486544291178385e-06,1.2909372647603354e-06,1.2889504432678223e-06,0.0013424873352050782,0.0013514331976572673,0.0013390247027079264,0.0013662477334340413,0.0013264838854471842
659,8,distance,2.0,0.6219698145743849,0.5947374303918262,0.6096858937711159,0.6254627184574615,0.6613218670103194,0.6186411632412017,0.17553410044451795,0.17498510199527445,0.17978269021314655,0.17401638599036934,0.1807167466143248,0.1770070050515266,0.16671785323854682,0.15805853159410552,0.16664018318649015,0.15442255133031724,0.16315547539181857,0.16179891894825565,0.5947374303918262,0.6096858937711159,0.6254627184574615,0.6613218670103194,0.6186411632412017,0.6219698145743849,0.5864526759875706,0.6017067297596226,0.6178060789710722,0.6543982935931538,0.6108450711779894,0.6142417698978816,1.3260841369628907e-06,4.357266426086426e-05,1.5411774317423502e-06,1.3051430384318035e-06,1.2587507565816243e-06,1.2683868408203126e-06,1.2569626172383627e-06,4.4242143630981445e-05,4.36560312906901e-05,4.292686780293783e-05,4.36095396677653e-05,4.3428738911946615e-05
660,9,distance,2.0,0.6231421189725663,0.6074894488464093,0.6197704600101765,0.6273349738046733,0.6417435863351157,0.6193721258664568,0.17706111302866265,0.17891205973197102,0.17911765421309186,0.17147325907617209,0.1803521930700578,0.1773832558239911,0.1642522719917422,0.16231025989058717,0.16015059871682064,0.15568827129718296,0.1642033848777278,0.16132095735481217,0.6074894488464093,0.6197704600101765,0.6273349738046733,0.6417435863351157,0.6193721258664568,0.6231421189725663,0.5994653830647345,0.6119974540819348,0.6197166087035764,0.634419775493585,0.6115909768211374,0.6154380396329936,1.3764699300130206e-06,4.3726682662963865e-05,1.542369524637858e-06,1.3208389282226563e-06,1.3714035352071126e-06,1.3440847396850586e-06,1.3036529223124186e-06,4.424730936686198e-05,4.344940185546875e-05,4.325111707051595e-05,4.4378439585367836e-05,4.330714543660482e-05
661,9,distance,2.0,0.6164896377959828,0.6454151411853987,0.588962962508151,0.5951690967596017,0.6161422555003395,0.6367587330264228,0.16482255905335141,0.18088017745384496,0.18182108620921328,0.17582841554312517,0.1847494071500138,0.1776203290819097,0.15094379667864183,0.16415714005096657,0.17346412390877716,0.1652558912279055,0.16384795959267814,0.16353378229179386,0.6454151411853987,0.588962962508151,0.5951690967596017,0.6161422555003395,0.6367587330264228,0.6164896377959828,0.6381663876832262,0.5805601610602766,0.586893166880752,0.6082950784407213,0.6293330171768778,0.6086495622483709,1.3528664906819661e-06,4.326216379801432e-05,1.5638271967569988e-06,1.2988845507303874e-06,1.333157221476237e-06,1.2857715288798014e-06,1.2826919555664062e-06,4.389365514119466e-05,4.355788230895996e-05,4.324793815612793e-05,4.315296808878581e-05,4.245837529500326e-05
662,11,distance,3.8410201034464193,0.5895637366064488,0.6054635054697499,0.6050334074635759,0.5515507133169455,0.5876617699009687,0.5981092868810038,0.179282682635469,0.18627640965886977,0.19905315327949855,0.18507628977292404,0.18510482252501068,0.18695867157435442,0.15717253149371252,0.16497013881236003,0.18316303777851484,0.16103478084621425,0.16524604584475508,0.16631730695511135,0.6054635054697499,0.6050334074635759,0.5515507133169455,0.5876617699009687,0.5981092868810038,0.5895637366064488,0.5973980234691315,0.5969591329994581,0.5423830958719768,0.5792323682635099,0.5898934631034435,0.5811732167415039,1.3692180315653486e-06,0.000988630215326945,1.5671054522196453e-06,1.3538201649983725e-06,1.3512372970581056e-06,1.2825926144917807e-06,1.2913346290588378e-06,0.0009810471534729005,0.0009798181056976318,0.0009757407506306966,0.0010166605313618978,0.0009898845354715984
663,9,distance,2.0,0.6200146386953166,0.5910049047230294,0.6236096837880303,0.6026517738900002,0.601613898245685,0.6811929328298382,0.1862699430702689,0.17409672778204358,0.17431968526774308,0.18870287908109581,0.16537370139955285,0.17775258732014085,0.1675509922661431,0.16463855093438412,0.16412314360754102,0.16625135310377215,0.1469198420950912,0.1618967764013863,0.5910049047230294,0.6236096837880303,0.6026517738900002,0.601613898245685,0.6811929328298382,0.6200146386953166,0.582643846557231,0.6159151628433222,0.5945288118570871,0.5934697189934673,0.674675582223293,0.6122466244948802,1.3300577799479167e-06,4.2974313100179036e-05,1.5118718147277831e-06,1.3096133867899577e-06,1.3254086176554363e-06,1.2516975402832031e-06,1.2516975402832031e-06,4.3961604436238604e-05,4.2718648910522464e-05,4.2494138081868486e-05,4.245718320210775e-05,4.323999087015788e-05
664,13,distance,2.0008619134130647,0.6192217535384003,0.6373025656830025,0.6037695257504736,0.6219876173114316,0.6230921871854764,0.609956871761617,0.18117253998604382,0.18500890433141048,0.18012963519229697,0.17319459306395255,0.17554950554066878,0.17901103562287451,0.1579238040895358,0.16321411080810908,0.16536405650049082,0.15941657521540403,0.15984508126040456,0.16115272557478885,0.6373025656830025,0.6037695257504736,0.6219876173114316,0.6230921871854764,0.609956871761617,0.6192217535384003,0.629887967366471,0.5956694138407729,0.6142599365750383,0.6153870870938678,0.6019832473342565,0.6114375304420812,1.3607740402221679e-06,0.0013171277046203612,1.5625357627868652e-06,1.3352433840433757e-06,1.338024934132894e-06,1.2837847073872885e-06,1.2842814127604167e-06,0.001312323808670044,0.0013068981965382895,0.0013392106691996256,0.001324869394302368,0.0013023364543914796
665,13,distance,2.010782890626217,0.6188262997111915,0.622967124628752,0.619522400357824,0.5666710996813826,0.6543974949690057,0.6305733789189936,0.18295588442983132,0.18022537137352282,0.19103180782266957,0.16556785095023885,0.17526914902721968,0.17901001272069644,0.16172166709572455,0.16061669423555947,0.175907575014035,0.14737624492336227,0.1605050834017837,0.16122545293409302,0.622967124628752,0.619522400357824,0.5666710996813826,0.6543974949690057,0.6305733789189936,0.6188262997111915,0.6152594678920315,0.6117443233634354,0.5578125872387534,0.6473323670978439,0.6230212163074568,0.6110339923799042,1.3605554898579916e-06,0.001311429182688395,1.5773375829060873e-06,1.3313690821329752e-06,1.3303756713867188e-06,1.2888511021931967e-06,1.2748440106709797e-06,0.0013017451763153076,0.00128472367922465,0.001316330830256144,0.0013026257356007894,0.0013517204920450846
666,13,distance,2.0044653924918414,0.6150426232916116,0.6365328239870303,0.6343513228662511,0.6046715549226686,0.5865874368592469,0.6130699778228614,0.17317198687261068,0.1814240851711019,0.17823505413903742,0.18552366364475384,0.17947730041698498,0.17956641804889775,0.1552506379276483,0.16215602024777093,0.15794250591019474,0.17366076451158344,0.16341900150661387,0.16248578602076225,0.6365328239870303,0.6343513228662511,0.6046715549226686,0.5865874368592469,0.6130699778228614,0.6150426232916116,0.6291024898947719,0.6268763924989512,0.5965898831323313,0.5781360727064546,0.6051599944052708,0.607172966527556,1.3795097668965655e-06,0.0013157485326131186,1.6112128893534342e-06,1.3385216395060222e-06,1.335740089416504e-06,1.2810031572977702e-06,1.3310710589090983e-06,0.0013083823521931966,0.0013350896040598551,0.0013243091106414796,0.0013047524293263754,0.0013062091668446859
667,12,distance,2.003587028126738,0.6217891238756443,0.5980210819694385,0.6075753386869862,0.6243195116429399,0.6332091385487069,0.6458205485301507,0.18278168056284708,0.1782525792766305,0.1758298767443898,0.17818528283017449,0.17453983617453617,0.17791785111771558,0.16379185119281858,0.16952659925605681,0.1598090102159022,0.15618595392343865,0.1572987147449243,0.1613224258666281,0.5980210819694385,0.6075753386869862,0.6243195116429399,0.6332091385487069,0.6458205485301507,0.6217891238756443,0.5898034550250317,0.5995530287453232,0.6166395016594906,0.6257108585871812,0.6385800827420107,0.6140573853518074,1.3626217842102051e-06,0.0012967467308044433,1.5592575073242188e-06,1.3511379559834798e-06,1.3379255930582682e-06,1.288751761118571e-06,1.2760361035664877e-06,0.0012923316160837809,0.0013071544965108236,0.0013166336218516032,0.0012830785910288493,0.0012845353285471598
668,9,distance,2.0,0.625917727271306,0.6118831608570431,0.6382927843730736,0.6433644782058117,0.6365073186145971,0.5995408943060045,0.17866555144088597,0.17843822364074272,0.17107489364439077,0.1714656284064901,0.17735295253395458,0.17539944993329284,0.161508465499641,0.16083624051405598,0.15833912534647224,0.1587414333126557,0.17108684547489963,0.1621024220295449,0.6118831608570431,0.6382927843730736,0.6433644782058117,0.6365073186145971,0.5995408943060045,0.625917727271306,0.6039489154231155,0.6308984290280597,0.6360738031435795,0.6290764631177916,0.5913543367790404,0.6182703894983174,1.3393759727478027e-06,4.313460985819499e-05,1.510183016459147e-06,1.3135870297749838e-06,1.2865662574768067e-06,1.3133883476257324e-06,1.2731552124023437e-06,4.289587338765462e-05,4.384636878967285e-05,4.3363571166992186e-05,4.2544205983479816e-05,4.302302996317545e-05
669,9,distance,2.0,0.626431031381927,0.5996979845307273,0.6275000823102705,0.616062862985445,0.6452456579623588,0.6436485691208333,0.18039100957580573,0.17547784888979176,0.18401803848622098,0.17051408544972504,0.1708493214438353,0.17625006076907573,0.16470933775676957,0.15845866017627983,0.16998577771050846,0.1563565529286634,0.15527700550616336,0.16095746681567694,0.5996979845307273,0.6275000823102705,0.616062862985445,0.6452456579623588,0.6436485691208333,0.626431031381927,0.591514638388255,0.6198850925108212,0.60821406291019,0.6379934397264956,0.6363637017093342,0.6187941870490192,1.327653725941976e-06,4.302056630452474e-05,1.5236934026082356e-06,1.3033548990885417e-06,1.2771288553873697e-06,1.2618303298950196e-06,1.2722611427307128e-06,4.3766498565673826e-05,4.1958888371785484e-05,4.2868455251057945e-05,4.288117090861002e-05,4.362781842549642e-05
670,9,distance,2.0,0.6168292762091474,0.6617248026665286,0.5747394327035653,0.6092937972858306,0.6216821397126703,0.6167062086771424,0.15983526210621632,0.19195931819729883,0.18369725982213714,0.18509055308515665,0.17326737947247214,0.17876995453665623,0.1506705726226258,0.17814571639747223,0.1660421201784123,0.15840732262511045,0.15951129132292738,0.16255540462930965,0.6617248026665286,0.5747394327035653,0.6092937972858306,0.6216821397126703,0.6167062086771424,0.6168292762091474,0.6548094664348392,0.5660458606293621,0.6013066176732751,0.6139482141190622,0.6088705604729272,0.6089961438658932,1.34885311126709e-06,4.3283939361572264e-05,1.5215078989664714e-06,1.318355401357015e-06,1.3446807861328124e-06,1.2877583503723145e-06,1.271963119506836e-06,4.419883092244466e-05,4.272143046061198e-05,4.3108065923055014e-05,4.33194637298584e-05,4.3071905771891276e-05
671,13,distance,2.005932706611027,0.6215374376398171,0.6222873629964036,0.6030794368794805,0.6806682098584051,0.5721195987163372,0.6295325797484582,0.1810506161708533,0.17398847848370888,0.16687339691774214,0.19512144644451898,0.1769752336016805,0.17880183432370078,0.15345919781764378,0.16225099466863446,0.1451434136927201,0.1745464494994676,0.16313896019893578,0.15970780317548033,0.6222873629964036,0.6030794368794805,0.6806682098584051,0.5721195987163372,0.6295325797484582,0.6215374376398171,0.6145658099401121,0.5949652175311906,0.6741401323768053,0.56337246955892,0.6219591401521746,0.6138005539118405,1.3630986213684084e-06,0.0013192924658457436,1.5556812286376954e-06,1.3420979181925455e-06,1.345972220102946e-06,1.2896458307902018e-06,1.2820959091186524e-06,0.0013276259104410806,0.0013017221291859945,0.0013303955396016438,0.0013219873110453288,0.0013147314389546712
672,13,distance,2.001366436317557,0.6139590206272874,0.6527176675870583,0.6175606936914613,0.599327055986711,0.6074620068428659,0.5927276790283403,0.17571938707614487,0.17460707118962054,0.17733836691996424,0.18168004995651196,0.19010238154004033,0.1798894513364564,0.15545888901374974,0.162846825518927,0.16571201333310387,0.16643215098977765,0.16162942970835603,0.16241586171278286,0.6527176675870583,0.6175606936914613,0.599327055986711,0.6074620068428659,0.5927276790283403,0.6139590206272874,0.6456181991220578,0.6097425136647109,0.5911361269779214,0.5994373800662294,0.5844018394173354,0.606067211849651,1.3592640558878578e-06,0.0013091537952423095,1.5360116958618164e-06,1.3336539268493652e-06,1.3142824172973633e-06,1.2857715288798014e-06,1.326600710550944e-06,0.0013278607527414958,0.0013127398490905761,0.0013043491045633953,0.001323236624399821,0.0012775826454162597
673,13,distance,2.000620640438987,0.6194839373177652,0.6260693831640674,0.6054539931974333,0.5738385306331641,0.662624948305208,0.6294328312889534,0.17438927480231675,0.18152651690612961,0.18632206014470196,0.16902810026582524,0.18419401481072764,0.17909199338594023,0.15788365149252723,0.16455954998603453,0.1662549009642275,0.1516954861932267,0.16300437147991895,0.160679592023187,0.6260693831640674,0.6054539931974333,0.5738385306331641,0.662624948305208,0.6294328312889534,0.6194839373177652,0.6184251456819018,0.5973883167380963,0.5651265414808608,0.655728013687938,0.6218573525418792,0.6117050740261353,1.3654430707295735e-06,0.0013132453759511311,1.5398859977722168e-06,1.33971373240153e-06,1.3235211372375487e-06,1.2871623039245605e-06,1.3369321823120117e-06,0.0013201987743377685,0.0013022160530090333,0.0012943394978841146,0.0013453829288482665,0.001304089625676473
674,9,distance,2.0,0.6245408882470549,0.6362653464831193,0.6593925964053918,0.6276145391197698,0.6008055984176612,0.5986263608093322,0.16938556368719684,0.1727307752509479,0.17362319839901577,0.18067550618372413,0.18746138090045575,0.17677528488426808,0.1582871669690287,0.15452326202369995,0.1559374756681162,0.16552693154612014,0.17154531214427193,0.1611640296702474,0.6362653464831193,0.6593925964053918,0.6276145391197698,0.6008055984176612,0.5986263608093322,0.6245408882470549,0.628829544366931,0.6524295830440029,0.6200018891528827,0.5926448951485164,0.5904211075379727,0.6168654038500612,1.311997572580973e-06,4.285176595052084e-05,1.4887253443400065e-06,1.260836919148763e-06,1.29471222559611e-06,1.247127850850423e-06,1.268585522969564e-06,4.399736722310384e-05,4.2958656946818035e-05,4.224618275960286e-05,4.1930278142293296e-05,4.312634468078613e-05
675,9,distance,2.0,0.6234815547357623,0.6051149827464464,0.6240088061293835,0.6143408567985071,0.6567114995949689,0.6172316284095052,0.1782923111640815,0.18314004737355719,0.1725466170740485,0.1715487251127926,0.17660814259985705,0.17642716866486735,0.16384006105352625,0.16269143606202444,0.16533001300164682,0.1551976573837397,0.16299982989899872,0.16201179947998717,0.6051149827464464,0.6240088061293835,0.6143408567985071,0.6567114995949689,0.6172316284095052,0.6234815547357623,0.5970423759201386,0.6163224444148223,0.6064568538710491,0.6496936767587502,0.60940672132418,0.615784414457788,1.3096928596496581e-06,4.2962710062662754e-05,1.4970699946085612e-06,1.269678274790446e-06,1.294116179148356e-06,1.2443463007609049e-06,1.2432535489400228e-06,4.3421188990275066e-05,4.285891850789388e-05,4.227479298909505e-05,4.262367884318034e-05,4.363497098286947e-05
676,9,distance,2.0,0.6225367147253995,0.608543254755681,0.607949938026755,0.6341483014543949,0.6174451700149746,0.644596909375192,0.1770958600460327,0.18891231435313258,0.17390802814919762,0.1715057414566398,0.16995824770630635,0.17627603834226183,0.16715797180820072,0.1666896929888024,0.1577655699948659,0.16694989523258785,0.1544716206622243,0.16260695013733623,0.608543254755681,0.607949938026755,0.6341483014543949,0.6174451700149746,0.644596909375192,0.6225367147253995,0.6005407318546048,0.5999352859932304,0.6266692207345529,0.6096246283457747,0.6373314288172742,0.6148202591490874,1.307666301727295e-06,4.3047904968261715e-05,1.5042225519816082e-06,1.2647112210591634e-06,1.2560685475667318e-06,1.2495120366414389e-06,1.2638171513875325e-06,4.344304402669271e-05,4.238049189249674e-05,4.2949120203653975e-05,4.300912221272787e-05,4.3457746505737306e-05
677,9,distance,2.0,0.6260517544094879,0.5864788576652579,0.6439188543206147,0.655612044584182,0.6533357613351494,0.5909132541422358,0.18468832946570685,0.16708105615458438,0.175753502054759,0.16859877300190687,0.1832250043683011,0.17586933300905166,0.1742216009959303,0.1465724595612169,0.15778611452573638,0.15608086030202473,0.17137558256416988,0.16120732358981563,0.5864788576652579,0.6439188543206147,0.655612044584182,0.6533357613351494,0.5909132541422358,0.6260517544094879,0.5780252738355869,0.6366395123305761,0.648571745665971,0.6462489285174693,0.5825503223700158,0.6184071565439239,1.3424555460611979e-06,4.334457715352377e-05,1.5049179395039877e-06,1.2984871864318848e-06,1.3568997383117676e-06,1.2619296709696452e-06,1.2900431950887045e-06,4.305084546407064e-05,4.38078244527181e-05,4.306276639302572e-05,4.392623901367188e-05,4.287521044413249e-05
678,9,distance,2.0,0.6178648009779947,0.6393522958104538,0.6499989306470537,0.6268260937732268,0.5802562379049627,0.5928904467542759,0.16953722140360292,0.17384268621361332,0.1709655312255595,0.18640687161967123,0.19105381376563985,0.17836122484561737,0.15728826454999612,0.15780656131348778,0.15815828116384692,0.16933149215293566,0.16991695194434617,0.16250031022492253,0.6393522958104538,0.6499989306470537,0.6268260937732268,0.5802562379049627,0.5928904467542759,0.6178648009779947,0.631979599983751,0.6428438832326835,0.6191973256731906,0.5716754454941613,0.5845679345925234,0.6100528377952619,1.339256763458252e-06,4.3365478515625e-05,1.5309453010559081e-06,1.2780229250590006e-06,1.285374164581299e-06,1.3156731923421224e-06,1.2862682342529296e-06,4.303812980651855e-05,4.3557087580362955e-05,4.438479741414388e-05,4.332423210144043e-05,4.252314567565918e-05
679,14,distance,2.0054065788421402,0.624710815797216,0.6278566719347306,0.6070359156587188,0.6580942576884707,0.5891589837712741,0.6414082499328857,0.1811329699423993,0.18137686543430964,0.1705868010950663,0.18381268849758078,0.17735066079107104,0.17885199715208544,0.15948676031350958,0.15685076353326835,0.14663387934776093,0.17096089268206138,0.15872775441128262,0.15853201005757658,0.6278566719347306,0.6070359156587188,0.6580942576884707,0.5891589837712741,0.6414082499328857,0.624710815797216,0.6202489718720675,0.5990025783297659,0.6511047024793764,0.5807601895723904,0.6340775838327062,0.6170388052172612,1.3915697733561196e-06,0.001340112845102946,1.5336275100708008e-06,1.3463695844014486e-06,1.396636168162028e-06,1.3490517934163411e-06,1.3321638107299806e-06,0.001313771406809489,0.0013616979122161865,0.0013859915733337403,0.001347330411275228,0.0012917729218800862
680,9,distance,2.0,0.6248491040430246,0.643211572943803,0.6096661164562521,0.6379310016421664,0.5873369784036557,0.6460998507692461,0.1754015179909325,0.17513945664116254,0.17012640242530577,0.1835090034579289,0.17620435934622952,0.17607614797231186,0.15527089032706085,0.16733233464525427,0.1567572541875984,0.17086706928070275,0.157229398001064,0.16149138928833606,0.643211572943803,0.6096661164562521,0.6379310016421664,0.5873369784036557,0.6460998507692461,0.6248491040430246,0.6359177720499796,0.6016865481384923,0.630529250398054,0.5789009370763029,0.6388650947372716,0.61717992048002,1.3765494028727215e-06,4.3756405512491864e-05,1.5433629353841146e-06,1.3156731923421224e-06,1.3065338134765626e-06,1.3575951258341472e-06,1.35958194732666e-06,4.3522119522094724e-05,4.274050394694011e-05,4.392306009928385e-05,4.3630202611287435e-05,4.496614138285319e-05
681,5,distance,7.989784580872733,0.5415721860056342,0.5642079867427148,0.5213336759760827,0.5200446926993261,0.5582400214101909,0.5440345531998565,0.19055720984216515,0.19419245126855147,0.19326212108423746,0.19078360596861732,0.20230891569941786,0.19422086077259787,0.17284172821583474,0.18325115022735194,0.17684307489673307,0.18238136492964072,0.18024193059407106,0.17911184977272634,0.5642079867427148,0.5213336759760827,0.5200446926993261,0.5582400214101909,0.5440345531998565,0.5415721860056342,0.5552991210543206,0.5115483337473145,0.5102329998754622,0.5492091530233465,0.5347132834185929,0.5322005782238073,1.3784567515055338e-06,0.000672780195871989,1.6000866889953613e-06,1.335740089416504e-06,1.3049443562825521e-06,1.3387203216552735e-06,1.3127923011779784e-06,0.0006624042987823486,0.0006702578067779541,0.0006833108266194661,0.0006783660252888998,0.0006695620218912761
682,6,distance,7.802344144599563,0.5636837585776978,0.5826360479644275,0.5528739483714809,0.5647826805638901,0.5019413723106791,0.6161847436780112,0.1847353562648464,0.1899405636600671,0.19201205166733978,0.20287136503390577,0.17903385797100976,0.18971863891943377,0.173234183644748,0.173062982900381,0.17493865705331063,0.19001017551592395,0.1606376677837075,0.17437673337961418,0.5826360479644275,0.5528739483714809,0.5647826805638901,0.5019413723106791,0.6161847436780112,0.5636837585776978,0.5741039058444499,0.5437333817283084,0.5558855633011417,0.4917595945725669,0.6083384352012415,0.5547641761295417,1.384119192759196e-06,0.0007129426797231038,1.5875697135925294e-06,1.3510386149088542e-06,1.3154745101928711e-06,1.3708074887593588e-06,1.2957056363423665e-06,0.0007169878482818603,0.0007085402806599935,0.0007263171672821045,0.0006938465436299642,0.0007190215587615967
683,5,distance,7.809266070377934,0.5469561150925302,0.5846791959045433,0.5531210140788116,0.5355766960486716,0.5386501691965484,0.5227535002340756,0.18814901406890125,0.19210201159135057,0.1901201614672423,0.19954809008074054,0.19346901998141208,0.19267765943792933,0.1735983251546895,0.17228984058419985,0.17472463192916277,0.1852299055405345,0.18617696203558853,0.17840393304883503,0.5846791959045433,0.5531210140788116,0.5355766960486716,0.5386501691965484,0.5227535002340756,0.5469561150925302,0.5761888217151984,0.5439854981826374,0.5260825228844197,0.5292188268291865,0.5129971833734435,0.5376945705969771,1.392066478729248e-06,0.0006760007540384928,1.6179680824279785e-06,1.3490517934163411e-06,1.314083735148112e-06,1.3619661331176759e-06,1.317262649536133e-06,0.0006938385963439942,0.0006612892945607504,0.0006810812155405681,0.0006819804509480794,0.0006618142127990722
684,6,distance,7.814945699932275,0.5524509462504301,0.5671569840660874,0.5518496255166374,0.5481607005815712,0.5981744580529762,0.4969129630348781,0.19179198455687185,0.18964120306985188,0.1890885409151927,0.18927895033229944,0.19902181107633543,0.19176449799011025,0.16922723504730489,0.1798052820015706,0.17541630344440398,0.16995460624668585,0.19108041111462012,0.17709676757091708,0.5671569840660874,0.5518496255166374,0.5481607005815712,0.5981744580529762,0.4969129630348781,0.5524509462504301,0.5583084045239972,0.5426881187128889,0.5389237813430343,0.5899599665651325,0.4866283898771584,0.5433017322044422,1.4451344807942707e-06,0.0007227853933970133,1.5891591707865396e-06,1.3637542724609374e-06,1.3355414072672526e-06,1.6131003697713216e-06,1.3241171836853027e-06,0.0007206793626149496,0.0007088522116343181,0.0007303893566131592,0.0007271186510721842,0.0007268873850504558
685,5,distance,7.808943735379248,0.5435583916692674,0.5428580145991924,0.5171243448334755,0.5440605101448095,0.5745391413400809,0.539209947428779,0.18391875064750507,0.19247305945110907,0.2020685392736518,0.18321829119116026,0.20580113446972598,0.19349595500663042,0.1753566009767676,0.18501866154810867,0.17845492119834833,0.17269390399696438,0.18454441645229844,0.17921370083449747,0.5428580145991924,0.5171243448334755,0.5440605101448095,0.5745391413400809,0.539209947428779,0.5435583916692674,0.5335126929214927,0.5072529515421667,0.5347397709995586,0.5658414747235238,0.5297900485687199,0.5342273877510924,1.3614495595296225e-06,0.0006687595049540202,1.541276772816976e-06,1.314679781595866e-06,1.2974937756856283e-06,1.360476016998291e-06,1.293321450551351e-06,0.0006634728113810222,0.0006847206751505534,0.0006500903765360514,0.0006609177589416504,0.0006845959027608235
686,6,distance,7.734135693689071,0.5610829051698383,0.5519625785087634,0.5364109636691141,0.5672167712465204,0.5856616068962579,0.5641626055285358,0.1838049979530834,0.19700767674638972,0.18931815618158926,0.1882352081723994,0.19187707862571415,0.19004862353583518,0.17517675113155698,0.18335800034378866,0.17700662000503514,0.16623830501334083,0.17254075384361509,0.17486408606746734,0.5519625785087634,0.5364109636691141,0.5672167712465204,0.5856616068962579,0.5641626055285358,0.5610829051698383,0.5428033807951436,0.526933845379556,0.5583694139295838,0.5771913160661984,0.5552528121151498,0.5521101536571262,1.3652642567952473e-06,0.0007213346163431804,1.5497207641601562e-06,1.3324618339538574e-06,1.3034542401631673e-06,1.3515353202819825e-06,1.2891491254170736e-06,0.0007278092702229817,0.0007061513264973959,0.0007225509484608968,0.0007304410139719645,0.0007197205225626627
687,6,uniform,7.837992420186221,0.5513280112761041,0.5293481563675528,0.5683261164094588,0.5624378444834317,0.5263147067196361,0.570213232400441,0.19222041303096526,0.19042720086865628,0.19889781952835242,0.1968306206500325,0.18435161292513388,0.19254553340062808,0.1816359539448274,0.17946198298052354,0.17633568104676509,0.175237416613225,0.17131428088682024,0.17679706309443227,0.5293481563675528,0.5683261164094588,0.5624378444834317,0.5263147067196361,0.570213232400441,0.5513280112761041,0.5197266536016425,0.5595014373582041,0.5534927919004695,0.5166311913544498,0.5614271315295811,0.5421558411488694,1.3660391171773275e-06,0.0007086648146311441,1.5436609586079915e-06,1.3361374537150066e-06,1.3033548990885417e-06,1.3521313667297363e-06,1.2949109077453614e-06,0.0007154671351114909,0.0007117875417073568,0.0007065280278523763,0.0007042109966278077,0.0007053303718566894
688,5,uniform,7.8346363097500005,0.5417925408654432,0.5281826767864599,0.5592321694686445,0.5242827957035965,0.5293121656971654,0.567952896671349,0.18937086070249712,0.19608344246512088,0.19326510261975652,0.20402113685895776,0.19291297275202146,0.19513070307967073,0.17089406097156443,0.18623818296812786,0.181300513399948,0.17888551693709093,0.1710905366497234,0.17768176218529091,0.5281826767864599,0.5592321694686445,0.5242827957035965,0.5293121656971654,0.567952896671349,0.5417925408654432,0.5185373482028781,0.5502215834952607,0.5145577421234315,0.5196899271764943,0.5591205879150563,0.5324254377826242,1.390715440114339e-06,0.0006782820224761962,1.5975038210550944e-06,1.3557076454162598e-06,1.3108054796854655e-06,1.3680259386698406e-06,1.3215343157450358e-06,0.0006759711106618246,0.0006849650541941325,0.0006673431396484375,0.0006676050027211507,0.0006955258051554361
689,3,distance,4.755157489423809,0.5247297004744114,0.5338448392020017,0.45926027364442223,0.5685382559352224,0.5287161107253635,0.5332890228650478,0.19593621949116874,0.21141785117483977,0.18630227171087266,0.20051213882202729,0.18253091788289375,0.19533987981636045,0.17774968339835565,0.1991776547120776,0.17806675034283437,0.18634120193791356,0.1837306501013817,0.18501318809851258,0.5338448392020017,0.45926027364442223,0.5685382559352224,0.5287161107253635,0.5332890228650478,0.5247297004744114,0.5243152618091975,0.44820596918740874,0.5597179136374757,0.5190816870945362,0.5237480829576893,0.5150137829372614,1.3755758603413898e-06,0.0006347057819366456,1.5549858411153158e-06,1.3461709022521973e-06,1.3145804405212402e-06,1.3535221417744954e-06,1.308619976043701e-06,0.0006221771240234375,0.0006516881783803305,0.0006303811073303223,0.0006463495890299479,0.0006229329109191894
690,3,distance,4.632766798215436,0.5208145625902894,0.49092085880843217,0.4763055822046439,0.5376389315787345,0.5308678672416103,0.5683395731180261,0.21124290922630276,0.19776574250892207,0.19340591233027826,0.20462672454152941,0.18491666170642465,0.19839159006269141,0.19129876877935093,0.19026142917835415,0.17381741366143602,0.18806343778241275,0.17242286220925365,0.1831727823221615,0.49092085880843217,0.4763055822046439,0.5376389315787345,0.5308678672416103,0.5683395731180261,0.5208145625902894,0.48051378948253975,0.4655997337999689,0.5281869165513833,0.5212774318189516,0.5595151691613247,0.5110186081628336,1.373271147410075e-06,0.0006404031117757161,1.5737613042195637e-06,1.34199857711792e-06,1.3005733489990235e-06,1.3509392738342285e-06,1.2990832328796388e-06,0.0006547133127848307,0.0006474220752716065,0.0006390527884165446,0.0006581552823384603,0.0006026721000671387
691,3,uniform,4.742135658144578,0.513349453373474,0.4906735989265001,0.5132759686345167,0.5382117987486426,0.5169725561365969,0.5076133444211137,0.2032188373440428,0.20208651492581492,0.19471555552815376,0.20816385313489363,0.18998951562396552,0.19963485531137412,0.19214866673161196,0.1816720278162984,0.1789506541492338,0.1943607916032564,0.17753130960290298,0.1849326899806607,0.4906735989265001,0.5132759686345167,0.5382117987486426,0.5169725561365969,0.5076133444211137,0.513349453373474,0.48026147488411164,0.5033259032573689,0.528771494804833,0.5070980598395597,0.49754751841268674,0.503400890239712,1.3834635416666666e-06,0.0006386795838673909,1.5885631243387858e-06,1.3483564058939616e-06,1.3138850529988607e-06,1.3546148935953776e-06,1.3118982315063477e-06,0.000650939146677653,0.000657968521118164,0.0006273583571116129,0.0006139234701792399,0.0006432084242502848
692,6,distance,7.853488247751469,0.5595905564090856,0.5652982540953657,0.5261647275889537,0.5815200184742757,0.559238533061446,0.5657312488253866,0.18701463532761362,0.1974486152132894,0.18988913091050907,0.1882310087999964,0.1963753285151207,0.19179174375330585,0.17062357911691842,0.18675485443340917,0.1692016832285129,0.17237338963306975,0.1728622977243177,0.17436316082724562,0.5652982540953657,0.5261647275889537,0.5815200184742757,0.559238533061446,0.5657312488253866,0.5595905564090856,0.5564116766663101,0.5164781462108743,0.5729650614413819,0.5502280771785454,0.5568535230773537,0.550587296914893,1.7310579617818198e-06,0.0007149678866068522,3.3141175905863444e-06,1.3372302055358886e-06,1.3128916422526042e-06,1.3857086499532065e-06,1.3053417205810546e-06,0.0007357919216156006,0.0007185753186543782,0.000715100367863973,0.0006898999214172363,0.0007154719034830729
693,3,distance,4.874968752982868,0.5266553705140058,0.5257924229025976,0.5413564870926291,0.4847112868257669,0.5790994082135521,0.5023172475354836,0.19812184571252855,0.1940436549005291,0.20080486927866878,0.1891226599733536,0.19840871739006985,0.19610034945103,0.1885024347037265,0.18058533973137758,0.18944224311454486,0.1748512979663384,0.1832901248674988,0.18333428807669722,0.5257924229025976,0.5413564870926291,0.4847112868257669,0.5790994082135521,0.5023172475354836,0.5266553705140058,0.5160982305258195,0.5319804697929895,0.47417727565355083,0.5704949668141699,0.4921431537883385,0.5169788193149736,1.384099324544271e-06,0.000646734317143758,1.549522082010905e-06,1.3709068298339844e-06,1.345972220102946e-06,1.3564030329386394e-06,1.2976924578348797e-06,0.0006559324264526367,0.0006534433364868164,0.0006442379951477051,0.0006437416871388753,0.0006363161404927571
694,3,distance,4.754821636084326,0.5249940679309788,0.5148609957814679,0.5001556987646649,0.5041609423525422,0.5116286455778779,0.5941640571783414,0.19548690290194468,0.19686512201495465,0.20016259122909272,0.19884413831733536,0.18718664961643042,0.19570908081595156,0.1824746480907352,0.1886309998503692,0.19014735775573122,0.18795991305499737,0.17237558735072012,0.18431770122051064,0.5148609957814679,0.5001556987646649,0.5041609423525422,0.5116286455778779,0.5941640571783414,0.5249940679309788,0.5049433330035763,0.489937416626975,0.4940245391297662,0.5016449040905433,0.5858675813455307,0.5152835548392783,1.3884902000427245e-06,0.0006473846435546875,1.5864769617716472e-06,1.3495484987894693e-06,1.3158718744913738e-06,1.3696153958638508e-06,1.3209382692972818e-06,0.0006598412990570068,0.0006578946113586425,0.0006347235043843587,0.0006355035305023193,0.00064896027247111
695,5,distance,7.846478546399007,0.5515253665508076,0.5341947476165414,0.5472590007158368,0.5389335658130575,0.5561473572011404,0.5810921614074627,0.19675227762640313,0.19033861412830663,0.19199660279804548,0.19505638136745712,0.18467748135962977,0.19176427145596844,0.17933175471406748,0.18058446305051848,0.18318299329296692,0.17619394567821822,0.16926483518447966,0.17771159838405015,0.5341947476165414,0.5472590007158368,0.5389335658130575,0.5561473572011404,0.5810921614074627,0.5515253665508076,0.5246723233770159,0.5380036480899254,0.5295080169029327,0.547073708626036,0.5725284577224363,0.5423572309436692,1.357138156890869e-06,0.0006654953956604004,1.5445550282796224e-06,1.3165672620137533e-06,1.2908379236857096e-06,1.339415709177653e-06,1.2943148612976074e-06,0.0006829126675923665,0.000673919121424357,0.0006211761633555094,0.0006649700800577799,0.0006844989458719889
696,4,distance,4.852325265049441,0.5381577497316713,0.5614631362825127,0.48161930187525237,0.5677333903226792,0.5296834763259748,0.5502894438519372,0.19567238411573085,0.202730058319428,0.18398268882084803,0.19806618614421218,0.18733657106737936,0.19355757769351967,0.17545097177104874,0.18683424893991796,0.18003396327745189,0.18293997951576418,0.18007140984947084,0.18106611467073072,0.5614631362825127,0.48161930187525237,0.5677333903226792,0.5296834763259748,0.5502894438519372,0.5381577497316713,0.5524981578078791,0.47102208147065794,0.5588965942134325,0.5200688284825534,0.5410960423633908,0.5287163408675827,1.3832251230875651e-06,0.0007028875350952149,1.5798211097717285e-06,1.3430913289388022e-06,1.331468423207601e-06,1.3645490010579428e-06,1.2971957524617512e-06,0.0007079048951466879,0.0006938223044077555,0.0006931543350219727,0.0006987524032592774,0.0007208037376403809
697,3,distance,4.783650352884879,0.5240273007748119,0.49401823846073467,0.5537320022100983,0.5013255567863698,0.5386638461630426,0.5323968602538143,0.2068239919297826,0.19200315925500874,0.20055461697938076,0.1938587730579467,0.1911950313997512,0.19688711452437402,0.19087198266912514,0.1832549328116675,0.18019077961986865,0.18341687522652425,0.18112627292720843,0.1837721686508788,0.49401823846073467,0.5537320022100983,0.5013255567863698,0.5386638461630426,0.5323968602538143,0.5240273007748119,0.4836744886507326,0.5446089767016165,0.4911311899745068,0.5292327833929515,0.522837681928509,0.5142970241296633,1.3544360796610514e-06,0.0006382784048716227,1.5369057655334473e-06,1.3097127278645833e-06,1.2962023417154948e-06,1.3341506322224935e-06,1.2952089309692383e-06,0.0006503589948018392,0.0006320623556772867,0.0006445034344991048,0.0006257836023966471,0.0006386836369832357
698,3,uniform,4.798025999688251,0.5198883306667469,0.5185418476349348,0.5175874979221831,0.5091162669712677,0.48857303106135097,0.5656230097439983,0.18963309886052704,0.21040542236312698,0.194431481903169,0.203494546656776,0.19060522540376656,0.19771395503747313,0.17697502965196535,0.19345245486450857,0.18460695323850332,0.19074393834681486,0.173624743448515,0.18388062391006138,0.5185418476349348,0.5175874979221831,0.5091162669712677,0.48857303106135097,0.5656230097439983,0.5198883306667469,0.5086994322543883,0.5077255728371171,0.49908116510355927,0.47811796525681305,0.5567430712719845,0.5100734413447724,1.3834039370218913e-06,0.0006476749579111734,1.5789270401000976e-06,1.350541909535726e-06,1.3018647829691568e-06,1.375277837117513e-06,1.3104081153869629e-06,0.0006432251135508219,0.0006508990128835042,0.000647669235865275,0.0006609988212585449,0.0006355826059977214
699,6,distance,7.844175625832471,0.5603635677717814,0.568438804616783,0.5792058176197833,0.5560467757209682,0.5182894147210775,0.5798370261802952,0.18337435338599786,0.19444721735150958,0.19692866441231402,0.19752275941362596,0.18221216057627682,0.19089703102794484,0.17513808999294936,0.17685843788438396,0.16878925211195406,0.1757797613119096,0.1765883160543763,0.17463077147111467,0.568438804616783,0.5792058176197833,0.5560467757209682,0.5182894147210775,0.5798370261802952,0.5603635677717814,0.5596164292426797,0.5706035515404603,0.5469710709656899,0.5084418388721046,0.5712476638534869,0.5513761108948843,1.3828078905741373e-06,0.0007195010979970295,1.5608469645182292e-06,1.341402530670166e-06,1.3169646263122558e-06,1.3892849286397298e-06,1.305540402730306e-06,0.0007165114084879558,0.0007329301039377848,0.0007080670197804769,0.0007232677936553955,0.0007167291641235351
700,9,distance,2.0,0.6233160172516213,0.6502782429160013,0.6075784841169183,0.6204566958492321,0.6220178158925924,0.6162488474833627,0.17320262578026666,0.18958874101321846,0.17214805623199317,0.1738093599535068,0.1739289308554352,0.17653554276688405,0.14805982287256692,0.16985867468995833,0.1635441973933023,0.16300276077021522,0.16515727327601756,0.16192454580041207,0.6502782429160013,0.6075784841169183,0.6204566958492321,0.6220178158925924,0.6162488474833627,0.6233160172516213,0.6431289054628362,0.5995562384770597,0.6126977185923169,0.6142907525036846,0.6084038494762083,0.6156154929024211,1.332441965738932e-06,4.2967796325683593e-05,1.5410780906677246e-06,1.3116995493570964e-06,1.290440559387207e-06,1.2634197870890299e-06,1.2555718421936036e-06,4.333297411600749e-05,4.3415228525797525e-05,4.3222904205322264e-05,4.2578776677449545e-05,4.2289098103841146e-05
701,7,uniform,8.834695865994473,0.553021049292482,0.5854359123278208,0.5349543151470144,0.5551764140252009,0.543898695440205,0.5456399095221685,0.18636707217662302,0.19629623674506796,0.19437499753573367,0.2001527256881345,0.19097218917343922,0.19363264426379967,0.17190525697121464,0.17581964320339763,0.17536705155475424,0.1821770655792552,0.16968224228061207,0.17499025191784673,0.5854359123278208,0.5349543151470144,0.5551764140252009,0.543898695440205,0.5456399095221685,0.553021049292482,0.5769610076394628,0.525447418693461,0.5460829165265679,0.5345746483282501,0.536351457928073,0.5438834898231629,1.3757546742757164e-06,0.0007375524838765463,1.5668074289957681e-06,1.3382236162821453e-06,1.309812068939209e-06,1.354813575744629e-06,1.3091166814168295e-06,0.0007329952716827393,0.0007558039824167887,0.0007480943202972412,0.0007229383786519369,0.0007279304663340251
702,7,uniform,10.0,0.561848566768294,0.5429657220823337,0.5538436516964496,0.5888535182029226,0.5633079429329226,0.5602719989268412,0.20075965964202017,0.19757331864796313,0.18307994257523783,0.1904233748546498,0.18991586534555158,0.1923504322130845,0.17782837412527794,0.16542417027438777,0.1690405302680559,0.1708749236177653,0.18003569947216505,0.17264073955153036,0.5429657220823337,0.5538436516964496,0.5888535182029226,0.5633079429329226,0.5602719989268412,0.561848566768294,0.533622602261189,0.5447229086306189,0.5804484793927609,0.5543806777117899,0.5512826701144427,0.5528914676221602,1.446684201558431e-06,0.0007457374731699625,1.5633304913838703e-06,1.4101465543111166e-06,1.3360381126403808e-06,1.5703837076822917e-06,1.3535221417744954e-06,0.0007710635662078857,0.0007295080025990804,0.0007430080572764079,0.0007405579090118408,0.000744549830754598
703,7,uniform,10.0,0.5415273571122977,0.49902809516296953,0.5963923387344963,0.5512483241780666,0.5387294680876915,0.5222385593982646,0.20011148224686764,0.19335672649412342,0.19533335864225257,0.19469180109859024,0.19676993988001854,0.1960526616723705,0.18537204338835522,0.1626479791995929,0.17471393378344408,0.17427250392395074,0.18723493719664075,0.17684827949839674,0.49902809516296953,0.5963923387344963,0.5512483241780666,0.5387294680876915,0.5222385593982646,0.5415273571122977,0.48878676150360945,0.5881414155058999,0.5420745250130526,0.5292997468220225,0.5124717156380929,0.5321548328965354,1.3837814331054688e-06,0.0007483890851338705,1.574854056040446e-06,1.3503432273864747e-06,1.316666603088379e-06,1.3530254364013671e-06,1.3240178426106772e-06,0.0007663146654764811,0.0007438023885091145,0.0007492446899414062,0.0007375077406565348,0.0007450759410858154
704,7,uniform,10.0,0.5470955966003428,0.4974248301360803,0.5683365963902878,0.5363901560426201,0.5213896287245554,0.6119367717081702,0.20458490356025186,0.19506878564089816,0.2019155485408613,0.1961522673952156,0.17881867822715866,0.19530803667287713,0.1842186170365458,0.17763792838966364,0.1726552581711733,0.1846357611323747,0.15844017144806805,0.1755175472355651,0.4974248301360803,0.5683365963902878,0.5363901560426201,0.5213896287245554,0.6119367717081702,0.5470955966003428,0.4871507210417583,0.5595121315805492,0.526912612384207,0.511605430333916,0.6040036222371277,0.5378369035155116,1.3640125592549642e-06,0.0007393734455108643,1.5328327814737955e-06,1.338819662729899e-06,1.3083219528198242e-06,1.3389190038045248e-06,1.3011693954467772e-06,0.0007136571407318115,0.0007344710826873779,0.0007389152050018311,0.0007634286085764567,0.000746395190556844
705,7,uniform,9.996501796148898,0.5582871322884367,0.5671604908476967,0.5503780645090679,0.5128350018981332,0.5835241017950156,0.57753800239227,0.19366729904739485,0.19781055439570722,0.19668159285972814,0.19010123048658917,0.18961234051467235,0.19357460346081834,0.1650929062781627,0.17529603285327794,0.18323486589768884,0.16374447291525265,0.17584987425142645,0.17264363043916173,0.5671604908476967,0.5503780645090679,0.5128350018981332,0.5835241017950156,0.57753800239227,0.5582871322884367,0.558311982994498,0.5411864746864253,0.5028759218687935,0.575010114097469,0.5689016412827423,0.5492572269859857,1.410682996114095e-06,0.000721971035003662,1.5728672345479329e-06,1.3823310534159342e-06,1.4076630274454753e-06,1.337130864461263e-06,1.3534228006998698e-06,0.0007113377253214518,0.0007109518845876058,0.0007210274537404379,0.0007420829931894938,0.0007244551181793213
706,6,uniform,9.995457926580432,0.5384412034451916,0.5390477762271684,0.5635262338232724,0.5519595278194986,0.5147011376326516,0.5229713417233672,0.1966498996144492,0.1951007647516945,0.19023648512230706,0.2018859295048407,0.19318832100027217,0.19541227999871275,0.18849925057386865,0.1709985752413683,0.17459030425961777,0.1730116677422032,0.18675736738497434,0.17877143304040644,0.5390477762271684,0.5635262338232724,0.5519595278194986,0.5147011376326516,0.5229713417233672,0.5384412034451916,0.5296245621125619,0.5546034311075642,0.5428002677408512,0.5047802068857893,0.5132194781810852,0.5290055892055704,1.3792713483174643e-06,0.000689464012781779,1.57088041305542e-06,1.3407071431477864e-06,1.3129909833272298e-06,1.3701121012369793e-06,1.3016661008199057e-06,0.0006888171037038167,0.000685654083887736,0.0006892740726470947,0.0006956656773885092,0.0006879091262817383
707,6,uniform,9.983286034683383,0.5392398153415023,0.5352657695329646,0.5047866243927037,0.5598554655845503,0.5502981739715769,0.5459930432257163,0.19221991090178028,0.20861250220435618,0.1937593568818444,0.19336737132094403,0.19413174016610707,0.1964181762950064,0.17664049601881446,0.18324838629766402,0.171791831923338,0.17578088001536005,0.18222228587882852,0.177936776026801,0.5352657695329646,0.5047866243927037,0.5598554655845503,0.5502981739715769,0.5459930432257163,0.5392398153415023,0.5257652401196691,0.49466301194417295,0.5508576216101289,0.5411049509522565,0.5367118107192573,0.529820527069097,1.3744433720906576e-06,0.0006919674078623454,1.552402973175049e-06,1.3395150502522786e-06,1.304646333058675e-06,1.3756752014160155e-06,1.2999773025512695e-06,0.0006778943538665772,0.0007049405574798584,0.0006857009728749593,0.0006906978289286295,0.0007006033261617025
708,7,uniform,10.0,0.5459532460038604,0.518242528362086,0.5315724278717161,0.5676955091384125,0.5487789021405987,0.5634768625064892,0.1912531485725002,0.19225161144436959,0.19238519743222,0.20154309395246414,0.19607330290463706,0.1947012708612382,0.18315045761954138,0.1777528446527364,0.16626340545511134,0.180372502866321,0.175670674006748,0.17664197692009162,0.518242528362086,0.5315724278717161,0.5676955091384125,0.5487789021405987,0.5634768625064892,0.5459532460038604,0.5083939940185511,0.5219963957328074,0.5588579386267616,0.5395546207533537,0.5545530504964005,0.5366711999255749,1.3739864031473795e-06,0.0007463835875193278,1.5320380528767904e-06,1.33742888768514e-06,1.3120969136555989e-06,1.3692180315653484e-06,1.3191501299540202e-06,0.0007777678966522217,0.0007457323869069417,0.0007591875394185384,0.0007221714655558268,0.0007270586490631104
709,7,uniform,10.0,0.5455634303509235,0.5444524883141116,0.5143082496041964,0.6093933319287251,0.5558221898706476,0.5038408920369362,0.19041531627636796,0.19737215495618318,0.1866712545894134,0.19746785141761053,0.20137577279973504,0.19466047000786205,0.17814390896134014,0.1837591705011369,0.16355833059725575,0.17625544459790973,0.18160210799970397,0.1766637925314693,0.5444524883141116,0.5143082496041964,0.6093933319287251,0.5558221898706476,0.5038408920369362,0.5455634303509235,0.5351397623511974,0.5043792870748103,0.6014081870959223,0.5467418939225177,0.49369794604791273,0.5362734152984722,1.8076101938883462e-06,0.0007419888178507488,3.697077433268229e-06,1.3431906700134277e-06,1.3637542724609374e-06,1.3116002082824706e-06,1.3224283854166667e-06,0.0007556962966918945,0.0007657317320505778,0.0007217590014139811,0.0007391150792439778,0.0007276419798533122
710,7,uniform,10.0,0.5486552117006516,0.5658386933365731,0.551772384395568,0.5486568580917337,0.554627472365381,0.5223806503140018,0.19211596945435516,0.2008780935409764,0.20235335233981744,0.18578669050141208,0.19428560429890424,0.19508394202709306,0.1702522285106045,0.17272757868516708,0.17366695911854665,0.17656282281589405,0.1830182168846993,0.17524556120298235,0.5658386933365731,0.551772384395568,0.5486568580917337,0.554627472365381,0.5223806503140018,0.5486552117006516,0.5569631640691777,0.5426092985569765,0.5394300817665221,0.545522752890738,0.512616711308496,0.539428401718382,1.3663172721862792e-06,0.000742585023244222,1.5520056088765463e-06,1.3423959414164226e-06,1.296699047088623e-06,1.3458728790283202e-06,1.2946128845214843e-06,0.0007516801357269287,0.0007412683963775635,0.000743104616800944,0.0007340951760609945,0.0007427767912546794
711,6,uniform,9.944286651696913,0.5529131981525394,0.5270531751726306,0.5940300824192062,0.5409131356813024,0.5088000746107351,0.5937695228788229,0.19843518364779467,0.1850446543687842,0.20240711031844197,0.19607312767167986,0.181745206925197,0.19274105658637955,0.18748322360474926,0.16183492765327231,0.1753238478004277,0.18271550134469736,0.1710070773070857,0.17567291554204645,0.5270531751726306,0.5940300824192062,0.5409131356813024,0.5088000746107351,0.5937695228788229,0.5529131981525394,0.5173847562664493,0.5857308677497521,0.5315280549797277,0.4987585088446853,0.5854649816088839,0.5437734338898996,1.376012961069743e-06,0.0006879669825236003,1.553495724995931e-06,1.3498465220133465e-06,1.3161698977152507e-06,1.3561050097147623e-06,1.304447650909424e-06,0.0006973616282145182,0.0006875928243001302,0.0006867698828379313,0.0006779134273529053,0.0006901971499125162
712,7,uniform,10.0,0.5621081369911991,0.6232248233622878,0.5569302001238784,0.5236665506864591,0.5609935443275702,0.5457255664558002,0.17696255840656813,0.18309932533725248,0.20055881649860183,0.1993625911263385,0.19848819083339128,0.19169429644043046,0.15525386879868355,0.1718218459395298,0.18524446763473906,0.17246311359192465,0.18013678671364378,0.17298401653570417,0.6232248233622878,0.5569302001238784,0.5236665506864591,0.5609935443275702,0.5457255664558002,0.5621081369911991,0.6155224347427775,0.5478725551519645,0.5139288992524514,0.5520189660174013,0.5364388659404162,0.5531563442210022,1.3703306516011555e-06,0.0007393019199371338,1.5555818875630696e-06,1.3346473375956217e-06,1.3089179992675782e-06,1.3485550880432129e-06,1.3039509455362955e-06,0.0007305920124053955,0.0007440769672393799,0.0007407395044962565,0.0007324727376302083,0.0007486283779144287
713,6,uniform,9.99670845062522,0.5519857963797932,0.5529012445372461,0.5676823097892963,0.5254977441887869,0.5262345112495138,0.5876131721341227,0.19736412170312442,0.19844190019663485,0.19043184097335752,0.1938406705642459,0.18166369116986858,0.19234844492144626,0.18121401693897374,0.17333259329542713,0.17545489847467807,0.18234461550475495,0.16812253762006124,0.176093732366779,0.5529012445372461,0.5676823097892963,0.5254977441887869,0.5262345112495138,0.5876131721341227,0.5519857963797932,0.5437612359076838,0.5588444694442735,0.5157975277156446,0.5165493564539332,0.5791827770159106,0.5428270733074891,1.3665556907653808e-06,0.0006904701391855876,1.53730312983195e-06,1.3407071431477864e-06,1.304646333058675e-06,1.3458728790283202e-06,1.3042489687601726e-06,0.0006890404224395752,0.0007048110167185465,0.0006611124674479167,0.0006972706317901611,0.0007001161575317383
714,7,uniform,10.0,0.5461554122530824,0.5091003198285724,0.5737873087044167,0.5241276194746085,0.545134215050609,0.5786275982072056,0.19854515862963365,0.18786805223319983,0.20553835325303274,0.19392501751510963,0.18990470024367068,0.1951562563749293,0.18725880859881208,0.15938215954285426,0.18902573091962271,0.17368643021271413,0.17171664168084375,0.17621395419096939,0.5091003198285724,0.5737873087044167,0.5241276194746085,0.545134215050609,0.5786275982072056,0.5461554122530824,0.49906489195453974,0.5650742724258018,0.5143993936376328,0.5358354255797526,0.5700135116288179,0.5368774990453089,1.3627012570699055e-06,0.0007414560317993165,1.549224058787028e-06,1.3147791226704916e-06,1.304646333058675e-06,1.3478597005208333e-06,1.2969970703125e-06,0.0007377934455871583,0.0007195623715718588,0.0007653156916300456,0.0007375176747639974,0.0007470909754435221
715,6,uniform,9.991678728128083,0.5471775603041769,0.6113939420381169,0.4971237730163073,0.5264766668532002,0.5275526409272168,0.5733407786860433,0.174758420885278,0.20655801837213772,0.20017290896970757,0.2000038624440299,0.19252823953378054,0.19480429004098673,0.15251841199956065,0.19621090024091617,0.17958854923904657,0.1826453670142237,0.16991855032094758,0.17617635576293894,0.6113939420381169,0.4971237730163073,0.5264766668532002,0.5275526409272168,0.5733407786860433,0.5471775603041769,0.6034496955380444,0.4868435094323136,0.5167964624277119,0.5178944325645705,0.5646186140254513,0.5379205427976184,1.3634761174519855e-06,0.0006910700798034668,1.5799204508463542e-06,1.3100107510884602e-06,1.294116179148356e-06,1.3432900110880533e-06,1.2900431950887045e-06,0.0006929651896158854,0.0006710898876190186,0.0006783652305603027,0.0007023580869038899,0.0007105720043182373
716,5,uniform,9.989996224932014,0.538843352660577,0.554116704742453,0.5718418210765591,0.540695018917378,0.5124491163224822,0.5151141022440129,0.19500447219004524,0.18781853457170922,0.1910844245429442,0.21085226967249063,0.19643896487414422,0.19623973317026672,0.1644750909161753,0.17054441226001613,0.18220960586495355,0.18580053299621122,0.1869674079819982,0.17799941000387087,0.554116704742453,0.5718418210765591,0.540695018917378,0.5124491163224822,0.5151141022440129,0.538843352660577,0.54500154368097,0.5630890133302536,0.5313054792700331,0.5024821476612723,0.5052016137038564,0.529415959529277,1.3717015584309897e-06,0.0006533276240030925,1.5374024709065755e-06,1.3464689254760742e-06,1.3097127278645833e-06,1.3546148935953776e-06,1.3103087743123373e-06,0.0006483193238576254,0.0006372292836507161,0.0006548746426900228,0.0006593493620554606,0.0006668655077616374
717,5,uniform,10.0,0.5327607958184081,0.5577064276423931,0.5008811980137907,0.5507317313082326,0.49099920871164915,0.5634854134159748,0.1950811135609423,0.20631187316572594,0.18509410587268763,0.2070237303667249,0.1891054184088433,0.19652324827498482,0.17906986128337654,0.1875159976836635,0.17594080920987898,0.18217080798935545,0.17535850422161436,0.18001119607757776,0.5577064276423931,0.5008811980137907,0.5507317313082326,0.49099920871164915,0.5634854134159748,0.5327607958184081,0.5486646510354233,0.49067774720657686,0.5415473714712629,0.48059374108735575,0.5545617762115314,0.52320905740243,1.354217529296875e-06,0.00067452605565389,1.5320380528767904e-06,1.3047456741333008e-06,1.2936194737752279e-06,1.3447801272074382e-06,1.2959043184916179e-06,0.0006849253177642822,0.0006863745053609212,0.0006511072317759196,0.000680085023244222,0.0006701382001241048
718,7,uniform,10.0,0.5474367252294929,0.5194475513867718,0.5738363966709604,0.5419992541083793,0.5508012636400418,0.5510991603413111,0.1972320678025592,0.19097890380746999,0.20185419527187748,0.19139260239577344,0.19941437194113784,0.19617442824376358,0.17574609954923384,0.17038515926458145,0.1762463868419328,0.1745556019857337,0.17639915388409558,0.17466648030511547,0.5194475513867718,0.5738363966709604,0.5419992541083793,0.5508012636400418,0.5510991603413111,0.5474367252294929,0.5096236512447636,0.5651243638942168,0.5326363768499476,0.5416183252476747,0.5419223118304011,0.5381850058134008,1.6037027041117351e-06,0.0007400112152099609,2.738932768503825e-06,1.3112028439839682e-06,1.3060371081034342e-06,1.3399124145507813e-06,1.3224283854166667e-06,0.0007380147775014242,0.0007346669832865397,0.0007548900445302327,0.000747158924738566,0.000725325345993042
719,5,uniform,9.963706840888271,0.550396937549705,0.48115994070808565,0.5399274280454687,0.5292538708251607,0.5950903696291258,0.606553078540684,0.19815998045187666,0.19102155306355142,0.196683219131892,0.18448989370833555,0.19127640644891336,0.1923262105609138,0.19130241827450759,0.1746619971969116,0.1753456060542448,0.1727169247023878,0.16968747478479224,0.1767428842025688,0.48115994070808565,0.5399274280454687,0.5292538708251607,0.5950903696291258,0.606553078540684,0.550396937549705,0.47055332961523566,0.530522196591543,0.5196304405864929,0.5868128303370466,0.5985098706062516,0.5412057335473139,1.3636747996012368e-06,0.000661203940709432,1.5314420064290364e-06,1.3335545857747397e-06,1.2994805971781412e-06,1.346766948699951e-06,1.3071298599243164e-06,0.0006624281406402588,0.000659710168838501,0.0006664156913757324,0.0006611967086791993,0.0006562689940134684
720,9,distance,2.0,0.6156460291415469,0.6297491939988131,0.555855075257363,0.5912447161758336,0.6388623431493896,0.6625188171263352,0.1775530513763886,0.18398456959028556,0.17962619965780569,0.18005419464620057,0.17012601393478546,0.17826880584109317,0.16562730697237316,0.17333924194720926,0.17453948331855115,0.15464087059750198,0.14700373194905797,0.1630301269569387,0.6297491939988131,0.555855075257363,0.5912447161758336,0.6388623431493896,0.6625188171263352,0.6156460291415469,0.6221801826325197,0.5467754515828969,0.582888560458815,0.6314796312546582,0.6556197128767884,0.6077887077611356,1.3785759607950845e-06,4.407540957132975e-05,1.5395879745483397e-06,1.3198455174763998e-06,1.3757745424906413e-06,1.3245145479838054e-06,1.333157221476237e-06,4.350860913594564e-05,4.364172617594401e-05,4.433790842692057e-05,4.4829448064168295e-05,4.405935605367025e-05
721,11,distance,7.388308455468182,0.55666117495983,0.562828465913799,0.5651964279846593,0.5698552019987315,0.534818968167929,0.550606810734031,0.19079172980697773,0.19464453482991265,0.1876950187735288,0.19782123864600776,0.19905845863703012,0.1940021961386914,0.171470360427179,0.16637684424921267,0.17491668087744863,0.17990750447584333,0.1733694924993833,0.17320817650581338,0.562828465913799,0.5651964279846593,0.5698552019987315,0.534818968167929,0.550606810734031,0.55666117495983,0.5538913987774542,0.5563077689315348,0.5610617819373768,0.5253093048255357,0.5414198971544881,0.5475980303252779,1.3822317123413087e-06,0.0008539783954620361,1.6072392463684082e-06,1.3727943102518717e-06,1.3517340024312338e-06,1.2984871864318848e-06,1.2809038162231444e-06,0.0008543709913889567,0.0008552416165669759,0.0008469816048940023,0.0008457430203755696,0.0008675547440846761
722,8,distance,3.2187313468265177,0.5936627762585769,0.5904296281093784,0.622699230381625,0.61153139784232,0.5789105789067748,0.5647430460527866,0.1825724331654373,0.18248103514955175,0.1817604159346837,0.18347354283882847,0.18822140500349693,0.18370176641839964,0.17579447982614563,0.16028253325752115,0.1586085147939801,0.16422836324064677,0.1788448186005725,0.16755174194377323,0.5904296281093784,0.622699230381625,0.61153139784232,0.5789105789067748,0.5647430460527866,0.5936627762585769,0.5820568096039482,0.614986097101522,0.603589961341652,0.5703022772830633,0.555845118544496,0.5853560527749363,1.4370083808898927e-06,0.0009897955258687339,1.5891591707865396e-06,1.4461080233256022e-06,1.5134612719217936e-06,1.3267993927001954e-06,1.309514045715332e-06,0.0010159703095753987,0.0009916396935780844,0.0009792768955230713,0.0009895368417104085,0.0009725538889567057
723,9,distance,2.0,0.6248414620330157,0.6231583403252223,0.6441325699602405,0.6384585532658844,0.5752066624379355,0.643251184175796,0.17210960678958415,0.16770965555514916,0.1861914289765292,0.18227537122260992,0.17384955733441415,0.17642712397565732,0.15964217741636505,0.15469566746894933,0.15780014715855703,0.17617888484627084,0.15771181457867914,0.16120573829376428,0.6231583403252223,0.6441325699602405,0.6384585532658844,0.5752066624379355,0.643251184175796,0.6248414620330157,0.6154545925976289,0.6368575969440955,0.631067586722768,0.5665226419085576,0.6359581930516214,0.6171721222449342,1.3745824495951335e-06,4.40987745920817e-05,1.5268723169962565e-06,1.3379255930582682e-06,1.3316671053568521e-06,1.3326605161031088e-06,1.3437867164611817e-06,4.4535398483276364e-05,4.4117371241251625e-05,4.392425219217936e-05,4.43724791208903e-05,4.354437192281087e-05
724,7,distance,2.000128151208348,0.6219665349713563,0.6180962701174113,0.6098149069185856,0.6047153504805722,0.6521031501533558,0.6251029971868562,0.1742322064618227,0.1816906932050527,0.1834655663292753,0.16338388684269262,0.17584150495647669,0.17572277155906402,0.17030088092099152,0.16518559256354232,0.16545206131641943,0.15407959827266254,0.16246243299174043,0.16349611321307125,0.6180962701174113,0.6098149069185856,0.6047153504805722,0.6521031501533558,0.6251029971868562,0.6219665349713563,0.6102890388421284,0.6018383803138548,0.5966345739997663,0.6449911191513802,0.6174390039436574,0.6142384232501574,1.3665556907653808e-06,0.0011870960394541423,1.564323902130127e-06,1.3390183448791504e-06,1.3534228006998698e-06,1.2869636217753091e-06,1.2890497843424478e-06,0.0012188700834910074,0.0012014969189961752,0.0011732848485310873,0.0011766358216603596,0.0011651925245920818
725,11,distance,2.001878048884845,0.6215866180618683,0.6225256744496179,0.651259679186007,0.5890548280456344,0.6060005851160966,0.6390923235119862,0.17231156564740552,0.16907931363119716,0.19295854362344222,0.1734644817446894,0.1821260268608074,0.17798798630150833,0.15832968072702247,0.15217471799384255,0.17191600914371397,0.1655798831370589,0.15777889974015832,0.16115583814835924,0.6225256744496179,0.651259679186007,0.5890548280456344,0.6060005851160966,0.6390923235119862,0.6215866180618683,0.6148089931777192,0.6441304051659595,0.5806539045985264,0.5979460825971752,0.631714313089744,0.6138507397258248,1.3811389605204264e-06,0.0012660324573516846,1.5631318092346192e-06,1.3569990793863932e-06,1.3655424118041992e-06,1.2938181559244792e-06,1.3262033462524414e-06,0.001288519303003947,0.0012573214371999104,0.0012976829210917156,0.0012695348262786864,0.0012171037991841635
726,9,distance,2.0,0.6226294044654818,0.5905415927187381,0.6462706229584874,0.601607804958873,0.6350795467365921,0.6396474549547186,0.18363297034896328,0.17301699187649378,0.1745939289914195,0.18325574901377667,0.17121601565915337,0.17714313117796135,0.17151139422557496,0.15801755752795577,0.16395735453189797,0.1596942187430166,0.15400223154605125,0.16143655131489928,0.5905415927187381,0.6462706229584874,0.601607804958873,0.6350795467365921,0.6396474549547186,0.6226294044654818,0.5821710630979968,0.6390393580104496,0.5934635011420186,0.6276195033990095,0.6322807930457861,0.6149148437390521,1.3481577237447102e-06,4.306650161743164e-05,1.529554526011149e-06,1.3168652852376302e-06,1.354515552520752e-06,1.273651917775472e-06,1.2662013371785481e-06,4.377881685892741e-05,4.304170608520508e-05,4.309336344401042e-05,4.282871882120768e-05,4.2589902877807615e-05
727,9,distance,2.0,0.6178288671524528,0.6456769091333852,0.5632479429475206,0.6309310321082107,0.638701096454505,0.6105873551186423,0.16801609694895409,0.19131368793659503,0.17676918548441364,0.17025446352914894,0.18165145165074917,0.1776009771099722,0.16365596500506385,0.1741271903780586,0.1595290205180325,0.15510306315815195,0.1623401634446462,0.1629510805007906,0.6456769091333852,0.5632479429475206,0.6309310321082107,0.638701096454505,0.6105873551186423,0.6178288671524528,0.6384335069350897,0.5543194511508771,0.6233861809758402,0.6313150882048526,0.6026266196185124,0.6100161693770344,1.363197962443034e-06,4.388650258382161e-05,1.520514488220215e-06,1.3373295466105144e-06,1.3159712155659993e-06,1.3259053230285645e-06,1.3162692387898762e-06,4.407167434692383e-05,4.459460576375325e-05,4.3580134709676105e-05,4.398187001546224e-05,4.3204228083292645e-05
728,9,distance,2.0,0.6200076141849025,0.591357596108179,0.630949566341869,0.6311719454687812,0.6362673323147796,0.6102916306909033,0.18210365014235255,0.17360095388131502,0.18431917549984606,0.1724945001997145,0.17343424277628433,0.17719050449990248,0.17087042133724614,0.15576423620318286,0.1613744911162335,0.15399399544889056,0.16870068187862358,0.16214076519683532,0.591357596108179,0.630949566341869,0.6311719454687812,0.6362673323147796,0.6102916306909033,0.6200076141849025,0.5830037479877328,0.6234050941035427,0.6236320193114138,0.6288315707948091,0.6023248497169524,0.6122394563828901,1.3426542282104492e-06,4.308748245239258e-05,1.5292565027872721e-06,1.3170639673868816e-06,1.3428926467895508e-06,1.274247964223226e-06,1.2498100598653158e-06,4.21754519144694e-05,4.368742307027181e-05,4.2674938837687176e-05,4.353761672973633e-05,4.336198170979818e-05
729,9,distance,2.0,0.6228777284030071,0.5678156301311519,0.6344517824621652,0.6557469836349283,0.6042915607168258,0.6520826850699646,0.18938315149154317,0.17922374384090317,0.1685599007433912,0.17689217974009133,0.16707386385446757,0.17622656793407926,0.17732783619365441,0.15793939585875794,0.16132336516497742,0.16741412416121126,0.1480535636875422,0.16241165701322866,0.5678156301311519,0.6344517824621652,0.6557469836349283,0.6042915607168258,0.6520826850699646,0.6228777284030071,0.5589805152445655,0.6269789057833679,0.6487094432663068,0.5962021207314798,0.6449702357017185,0.6151682441454878,1.3259251912434895e-06,4.3139775594075524e-05,1.5157461166381836e-06,1.3018647829691568e-06,1.282791296641032e-06,1.2724598248799642e-06,1.2567639350891114e-06,4.364331563313802e-05,4.270633061726888e-05,4.2969783147176105e-05,4.2937596638997396e-05,4.34418519337972e-05
730,9,distance,2.0,0.6175942683765535,0.6156204005906067,0.607984598344119,0.6316880032776893,0.6003247562756061,0.6323535833947463,0.18449920035293477,0.1714638729556751,0.1759026236489889,0.17972783473542786,0.175981098180988,0.17751492597480292,0.16723170184899708,0.16535346182582572,0.15778109844513252,0.17057420013222885,0.1574703810846987,0.16368216866737656,0.6156204005906067,0.607984598344119,0.6316880032776893,0.6003247562756061,0.6323535833947463,0.6175942683765535,0.6077625552875187,0.5999706548690413,0.6241586268540645,0.5921542231841364,0.624837813378966,0.6097767747147455,1.3295809427897136e-06,4.294594128926595e-05,1.5021363894144695e-06,1.3042489687601726e-06,1.334051291147868e-06,1.2587507565816243e-06,1.2487173080444336e-06,4.335284233093262e-05,4.3108463287353516e-05,4.2478640874226885e-05,4.275838534037272e-05,4.303137461344401e-05
731,9,distance,2.0,0.62241983172775,0.6437530926973609,0.6405264931021655,0.6234572281337718,0.581349365023888,0.6230129796815633,0.17674387720529247,0.1789960264737375,0.17546811879742133,0.180335806928835,0.16886057998992995,0.17608088187904325,0.15331261029911714,0.16495333704169834,0.16599123661182716,0.1671711037389394,0.16209653628055892,0.16270496479442817,0.6437530926973609,0.6405264931021655,0.6234572281337718,0.581349365023888,0.6230129796815633,0.62241983172775,0.6364703620540362,0.6331778013086833,0.6157595905487723,0.5727909193344274,0.6153062603564845,0.6147009867204807,1.3424952824910482e-06,4.374106725056966e-05,1.5404820442199706e-06,1.3161698977152507e-06,1.3135870297749838e-06,1.2708703676859537e-06,1.271367073059082e-06,4.483779271443685e-05,4.438002904256185e-05,4.3486356735229495e-05,4.318356513977051e-05,4.281759262084961e-05
732,11,distance,2.0030356656854167,0.6208869020309423,0.6245893297516423,0.6407153417571125,0.5756448740773419,0.6217128868835846,0.6417720776850302,0.17761744245709193,0.17795925707245402,0.1919105715266036,0.17739923920896467,0.1625175015530885,0.17748080236364056,0.15629313039885903,0.15675581089422272,0.1708724868052886,0.1693843226005837,0.1557386735921943,0.16180888485822967,0.6245893297516423,0.6407153417571125,0.5756448740773419,0.6217128868835846,0.6417720776850302,0.6208869020309423,0.6169148356409433,0.633370510583493,0.5669698118779007,0.613979589852244,0.6344488492901756,0.6131367194489513,1.381357510884603e-06,0.001283492883046468,1.5817085901896158e-06,1.3461709022521973e-06,1.3429919878641764e-06,1.2902418772379558e-06,1.345674196879069e-06,0.0012987120946248373,0.0012668108940124512,0.001274131933848063,0.0013010442256927491,0.0012767652670542399
733,9,distance,2.0,0.6250075413143458,0.6499219119238111,0.6420764537435204,0.6317377477398483,0.6381762617089937,0.563125331455556,0.17202995652694467,0.16932497873540173,0.1701434263081467,0.17526075363086804,0.1920379828883928,0.17575941961795077,0.15622902233801275,0.1582498379859587,0.16415541602233327,0.15365941860058496,0.17742544933822957,0.16194382885702385,0.6499219119238111,0.6420764537435204,0.6317377477398483,0.6381762617089937,0.563125331455556,0.6250075413143458,0.6427652900210611,0.6347594476871699,0.6242093882387889,0.6307795242992967,0.5541943331207462,0.6173415966734126,1.9220113754272462e-06,4.431899388631185e-05,1.5024344126383464e-06,1.2943148612976074e-06,4.147489865620931e-06,1.358787218729655e-06,1.3070305188496908e-06,4.394054412841797e-05,4.2400360107421876e-05,4.8630634943644205e-05,4.381179809570312e-05,4.281163215637207e-05
734,9,distance,2.0,0.6263389911486156,0.6581084054085313,0.6022029447889874,0.6296128544895332,0.5952504056343797,0.6465203454216464,0.17411976474211832,0.17582645084028234,0.17737796065027506,0.18235403459156121,0.17236764277232247,0.1764091707193119,0.15800474326079061,0.16743559117280074,0.16267373468980917,0.15570815897223844,0.15705743872754768,0.1601759333646373,0.6581084054085313,0.6022029447889874,0.6296128544895332,0.5952504056343797,0.6465203454216464,0.6263389911486156,0.6511191394202901,0.5940708073741114,0.6220410559441745,0.5869761379471778,0.6392941855324807,0.6187002652436469,1.3131300608317058e-06,4.290119806925456e-05,1.5023350715637206e-06,1.2969970703125e-06,1.267393430074056e-06,1.255174477895101e-06,1.243750254313151e-06,4.35483455657959e-05,4.312753677368164e-05,4.233519236246745e-05,4.2288700739542644e-05,4.3206214904785156e-05
735,14,distance,2.0011922553587755,0.6169301867186066,0.6250098942336388,0.5950203653829528,0.6434097788786151,0.6368861356673955,0.5843247594304306,0.1779686167659966,0.1855106582590791,0.17127988353604987,0.17700485754893927,0.18800076386733763,0.1799529559954805,0.16101108863454608,0.17083304553120382,0.15396021997817386,0.15351978064490196,0.16620366374063408,0.16110555970589197,0.6250098942336388,0.5950203653829528,0.6434097788786151,0.6368861356673955,0.5843247594304306,0.6169301867186066,0.6173439976932703,0.5867413949989586,0.6361200298948729,0.6294630243011412,0.5758271395210016,0.609099117281849,1.3759930928548178e-06,0.0013358954588572184,1.5785296758015951e-06,1.3349453608194988e-06,1.3407071431477864e-06,1.287062962849935e-06,1.3387203216552735e-06,0.0013656409581502278,0.0013161277770996093,0.0013409948348999023,0.0013051052888234456,0.0013516084353129068
736,12,distance,2.003806887983207,0.619931211250407,0.6225110922353976,0.6097615592316047,0.6138688607093026,0.6394502028712992,0.6140643412044311,0.17730025169964533,0.1778221760012221,0.18466398779469478,0.1735144358017702,0.182677176260913,0.1791956055116491,0.16475796718881042,0.15861450017043557,0.16184836472418412,0.1542762186214752,0.1646279781030666,0.16082500576159436,0.6225110922353976,0.6097615592316047,0.6138688607093026,0.6394502028712992,0.6140643412044311,0.619931211250407,0.614794112860312,0.6017839420438351,0.6059752087987602,0.6320795085518027,0.606174685487997,0.6121614915485415,1.3686815897623698e-06,0.0012918222745259603,1.544654369354248e-06,1.3395150502522786e-06,1.3551115989685058e-06,1.2886524200439454e-06,1.3154745101928711e-06,0.001296379566192627,0.0013021465142567953,0.0013004271189371744,0.0012652993202209473,0.0012948588530222575
737,11,distance,2.0030929769527424,0.6236151568533657,0.6298503844532306,0.6168479220642049,0.6189025227550075,0.6190491518622784,0.6334258031321076,0.18199515855183607,0.17567165101121876,0.177872829513889,0.17456767535270365,0.18014498658418993,0.1780504602027675,0.1611345182029571,0.16021861999375828,0.16485244068938532,0.16015069815413174,0.15489688672728094,0.16025063275350268,0.6298503844532306,0.6168479220642049,0.6189025227550075,0.6190491518622784,0.6334258031321076,0.6236151568533657,0.622283441716329,0.6090151708968632,0.6111117736460809,0.6112614002819501,0.6259319524295273,0.6159207477941501,1.3766090075174967e-06,0.0012833195527394612,1.5865763028462727e-06,1.3483564058939616e-06,1.3377269109090168e-06,1.2835860252380371e-06,1.3267993927001954e-06,0.0013004060586293538,0.001275422970453898,0.0012927051385243733,0.0012919942537943522,0.0012560693422953289
738,15,distance,2.000463763109477,0.6126012959439976,0.6018157365448418,0.5904849714867434,0.602518870759258,0.6124663776156255,0.6557205233135194,0.1794769200091619,0.19217011496242453,0.1716489512833372,0.1811837763780377,0.17784928511906414,0.18046580955040512,0.16541016128239852,0.16342503264417568,0.16630542661573686,0.16358987614262382,0.15259469093630137,0.16226503752424729,0.6018157365448418,0.5904849714867434,0.602518870759258,0.6124663776156255,0.6557205233135194,0.6126012959439976,0.5936756834588761,0.5821132843621113,0.594393191796926,0.6045440548411578,0.6486824420183954,0.6046817312954932,1.9017656644185388e-06,0.0013516698678334553,4.099408785502116e-06,1.3409058252970377e-06,1.3408064842224122e-06,1.294414202372233e-06,1.4332930246988932e-06,0.0013584438959757486,0.0013426562150319417,0.0013395015398661296,0.0013696885108947755,0.0013480591773986817
739,8,distance,3.302424724267733,0.5970861852470591,0.6548257768474495,0.5915369555805814,0.570466578440042,0.603636691124114,0.5649649242431085,0.17025176455279398,0.1880893522172333,0.18498677778744807,0.18369159684655875,0.19200964080646632,0.18380582644210008,0.14398444203095714,0.17474699510865727,0.17273253942682282,0.1633188388863416,0.17640023923789014,0.1662366109381338,0.6548257768474495,0.5915369555805814,0.570466578440042,0.603636691124114,0.5649649242431085,0.5970861852470591,0.6477694043128147,0.5831867740933019,0.5616856567045744,0.5955338636854247,0.5560715325751653,0.5888494462742562,1.3614296913146973e-06,0.000961735407511393,1.5316406885782877e-06,1.3511379559834798e-06,1.3438860575358073e-06,1.2909372647603354e-06,1.2895464897155763e-06,0.0009823509057362875,0.0009514156977335612,0.0009582924842834472,0.0009739132722218831,0.0009427046775817871
740,9,distance,2.0,0.623407871334876,0.6393367574700637,0.6190261529596137,0.6242340317502577,0.6343740953273203,0.6000683191671243,0.1796485569556539,0.1784739675936081,0.17180522035297463,0.17241731866448365,0.18390899652745407,0.17725081201883486,0.15362212578181614,0.16527015308122747,0.15946177595667618,0.1598498570310736,0.16803919945453055,0.1612486222610648,0.6393367574700637,0.6190261529596137,0.6242340317502577,0.6343740953273203,0.6000683191671243,0.623407871334876,0.6319637439941536,0.6112379312143247,0.6165522743073328,0.6268996304958515,0.5918925437497572,0.615709224752284,1.3805230458577477e-06,4.44177786509196e-05,1.6005833943684895e-06,1.3449788093566895e-06,1.3147791226704916e-06,1.322925090789795e-06,1.3193488121032716e-06,4.516243934631348e-05,4.445751508076986e-05,4.43875789642334e-05,4.3658812840779624e-05,4.4422547022501626e-05
741,14,distance,9.772525380343268,0.5490575125055753,0.5331302105988405,0.5826213707900917,0.5447757671923121,0.5019056482603023,0.58285456568633,0.1990831454875675,0.20060240989882538,0.19867554855201225,0.19791373826010575,0.18828057321521333,0.19691108308274483,0.17561075817479543,0.1671602104725479,0.17231280777517957,0.17926240478629474,0.1689965111703984,0.1726685384758432,0.5331302105988405,0.5826213707900917,0.5447757671923121,0.5019056482603023,0.58285456568633,0.5490575125055753,0.5235860241034165,0.5740889286256643,0.5354696499969249,0.4917231402179235,0.5743268907088784,0.5398389267305614,1.7117460568745931e-06,0.0008905098438262938,3.260970115661621e-06,1.3347466786702475e-06,1.362462838490804e-06,1.3001759847005208e-06,1.3003746668497721e-06,0.0009002105394999186,0.0008647032578786214,0.0008798452218373616,0.0009075256188710531,0.0009002645810445149
742,9,distance,2.2383267936669347,0.6091008830554611,0.5917606126073641,0.6185533463596493,0.5881490758572618,0.6293763001961203,0.6176650802569095,0.18066858808203065,0.17333180431627004,0.17919258056709764,0.17665327785432303,0.18706104334418053,0.1793814588327804,0.16528049517422239,0.1537387278773317,0.16811262409232136,0.16910764591210728,0.16927361150794046,0.16510262091278466,0.5917606126073641,0.6185533463596493,0.5881490758572618,0.6293763001961203,0.6176650802569095,0.6091008830554611,0.5834150033250616,0.6107554590620612,0.5797296361814307,0.6217996657878638,0.6098490341974254,0.6011097597107685,1.387615998586019e-06,0.001178901513417562,1.5672047932942708e-06,1.3297796249389648e-06,1.4032920201619466e-06,1.2999773025512695e-06,1.3378262519836426e-06,0.0011637282371520995,0.0011831307411193847,0.0011617493629455565,0.001197351614634196,0.0011885476112365723
743,10,distance,2.241355346134378,0.6137322349455218,0.617254892516313,0.6311513359424279,0.6106565968110143,0.6045269546929984,0.6050713947648549,0.17013523003997588,0.18040622547933688,0.17991695746175515,0.1797230647939368,0.18357340761046403,0.17875097707709373,0.1597470722208876,0.16562155974915144,0.16031251212036582,0.16624222647364167,0.16870546858816282,0.1641257678304419,0.617254892516313,0.6311513359424279,0.6106565968110143,0.6045269546929984,0.6050713947648549,0.6137322349455218,0.6094304610174983,0.6236109884659529,0.6026972768139651,0.5964423268502659,0.5969978968724841,0.6058357900040333,1.7065405845642086e-06,0.001209543466567993,3.174444039662679e-06,1.3191501299540202e-06,1.3555089632670085e-06,1.3210376103719076e-06,1.3625621795654297e-06,0.001238075097401937,0.0011646862824757894,0.0012137778600056965,0.0012200736999511718,0.001211104393005371
744,8,distance,2.2759636210464906,0.6129510322683093,0.6855948868640291,0.6138631178783525,0.5989647313271725,0.6228390833263562,0.543493341945636,0.16151242950265493,0.18967716914617969,0.18198718529492278,0.17607415678301624,0.18723258435109313,0.17929670501557332,0.1437145000038636,0.16621157096754804,0.16775941856577184,0.1615495224321547,0.1766378520054598,0.1631745727949596,0.6855948868640291,0.6138631178783525,0.5989647313271725,0.6228390833263562,0.543493341945636,0.6129510322683093,0.6791675250963431,0.6059693485675182,0.5907663953406752,0.615128809050234,0.5341610082205043,0.6050386172550549,1.3726552327473959e-06,0.0011424285570780437,1.564323902130127e-06,1.3466676076253255e-06,1.360177993774414e-06,1.2987852096557617e-06,1.293321450551351e-06,0.0011407768726348878,0.0011227901776631674,0.0011508516470591227,0.0011462096373240152,0.001151514450709025
745,9,distance,2.2534210718724865,0.6118588032401616,0.5905969886194122,0.5876325936944935,0.6529160179068776,0.6408018207136288,0.5873465952663961,0.18395198446998917,0.17648307686662265,0.17118380043211695,0.17428018856444424,0.19079263082126238,0.17933833623088707,0.17305861230388309,0.15708327603925976,0.1525813457534221,0.16000141640937826,0.1763712997874931,0.16381919005868725,0.5905969886194122,0.5876325936944935,0.6529160179068776,0.6408018207136288,0.5873465952663961,0.6118588032401616,0.5822275914531991,0.5792025956098835,0.645820604303611,0.6334587574232771,0.5789107505358966,0.6039240598651735,1.375277837117513e-06,0.0011768121719360352,1.5719731648763022e-06,1.3309717178344726e-06,1.3439853986104329e-06,1.2945135434468587e-06,1.3349453608194988e-06,0.0011814212799072265,0.0011964611212412516,0.001170806090037028,0.0011806794007619221,0.0011546929677327474
746,10,distance,2.244233301886384,0.6132327883530347,0.6129631778293989,0.6182037081918825,0.6069376749530089,0.6164441502127957,0.6116152305780876,0.1703760102363234,0.1819982591740928,0.18331109920675184,0.17667333840311367,0.18337236629283016,0.17914621466262237,0.15512885350432706,0.16500330136652785,0.1685990337261712,0.16077810068661816,0.1701383916388165,0.16392953618449216,0.6129631778293989,0.6182037081918825,0.6069376749530089,0.6164441502127957,0.6116152305780876,0.6132327883530347,0.6050510111070015,0.6103986732656519,0.5989023292961708,0.6086031447656979,0.6036755078641814,0.6053261332597407,1.4117161432902017e-06,0.001204167127609253,1.5848875045776367e-06,1.3745824495951335e-06,1.3597806294759114e-06,1.3113021850585938e-06,1.4280279477437337e-06,0.0012138680617014568,0.001199189821879069,0.0012111429373423258,0.0012061893939971924,0.0011904454231262207
747,8,distance,2.2763992796972636,0.614324127461164,0.6291189941781176,0.6229743057170969,0.5888873338701426,0.6173138779108658,0.6133261256295977,0.1724305275883406,0.17807748596190462,0.18235949704427734,0.18040444504898506,0.18244821474790207,0.17914403407828194,0.16014779897196002,0.15814415483938457,0.16765913938455584,0.16361213749948092,0.16658499134009028,0.16322964440709434,0.6291189941781176,0.6229743057170969,0.5888873338701426,0.6173138779108658,0.6133261256295977,0.614324127461164,0.6215370996809071,0.6152667957828637,0.5804829863513039,0.6094906522463519,0.6054213786237291,0.6064397825370311,1.3664762179056802e-06,0.0011478876272837321,1.5430649121602375e-06,1.3375282287597657e-06,1.3625621795654297e-06,1.2951095898946125e-06,1.294116179148356e-06,0.0011388409137725831,0.0011507292588551839,0.0011632605393727621,0.001164693037668864,0.0011219143867492675
748,9,distance,2.244711099016414,0.6127963216074723,0.6306213594580595,0.5915566899415474,0.6373275141408916,0.5865219794118123,0.6179540650850504,0.17408703742285558,0.1839249912713928,0.17413207952252455,0.18946197508273024,0.17575155142773344,0.17947152694544732,0.15912859252386374,0.1701711311062218,0.15950606437038697,0.17578289821575363,0.15457706954727599,0.16383315115270042,0.6306213594580595,0.5915566899415474,0.6373275141408916,0.5865219794118123,0.6179540650850504,0.6127963216074723,0.6230701777093316,0.5832069118824308,0.6299134258439423,0.5780692771169942,0.6101439267222235,0.6048807438549846,1.3648271560668945e-06,0.0011701998710632324,1.5491247177124023e-06,1.3310710589090983e-06,1.3258059819539387e-06,1.3018647829691568e-06,1.3162692387898762e-06,0.0012027510007222493,0.001162964105606079,0.0011597565809885661,0.0011377890904744467,0.001187738577524821
749,10,distance,2.2459057097526176,0.6171048482271578,0.6332907890267747,0.621422472883431,0.6093915620879251,0.5969940520664316,0.6244253650712265,0.17292489498850497,0.17663654466677964,0.18184685821336213,0.18316927635233474,0.17546196234072417,0.17800790731234112,0.15584703259463029,0.16439028382664453,0.16748003634526448,0.1706426364893797,0.15802290434377717,0.16327657871993922,0.6332907890267747,0.621422472883431,0.6093915620879251,0.5969940520664316,0.6244253650712265,0.6171048482271578,0.6257941782402692,0.6136832389389696,0.6014063810743904,0.5887554296214523,0.6167475190420182,0.6092773493834199,1.8021663029988609e-06,0.0012089723745981854,1.5602509180704752e-06,1.378655433654785e-06,3.294050693511963e-06,1.371602217356364e-06,1.4062722524007162e-06,0.001259760061899821,0.0011965541044871013,0.0012051109472910563,0.0011833683649698893,0.0012000683943430583
750,9,distance,2.289430010951019,0.6112791144372047,0.6221327721015834,0.5864360748741444,0.6156604177835652,0.5742888294126731,0.6578774780140572,0.1767741882828585,0.1830836332522691,0.18636233208655542,0.18378452029660697,0.16835284776187528,0.17967150433603304,0.16083842529179135,0.16801061902163505,0.16516972689223983,0.1687612460068489,0.15633730137019802,0.16382346371654263,0.6221327721015834,0.5864360748741444,0.6156604177835652,0.5742888294126731,0.6578774780140572,0.6112791144372047,0.6144080587544266,0.5779816164388628,0.6078033905491577,0.5655860456868674,0.6508834911932202,0.6033325205245069,1.3759930928548178e-06,0.0011672307650248208,1.5837947527567545e-06,1.3321638107299806e-06,1.3356407483418784e-06,1.304447650909424e-06,1.3239185015360514e-06,0.0011794801553090413,0.0011795373757680257,0.0011471887429555258,0.0011588112513224284,0.0011711362997690836
751,9,distance,2.217056521737386,0.6122417479901683,0.6276500654475972,0.5973376281662017,0.6148282389504507,0.6158986489919385,0.6054941583946534,0.17481461918854896,0.18364709652705916,0.1748649291660025,0.17973242244223703,0.17946503622973528,0.1785048207107166,0.1586747310165285,0.1655505897886227,0.16377010195816052,0.16754961241166405,0.16883722821605826,0.16487645267820683,0.6276500654475972,0.5973376281662017,0.6148282389504507,0.6158986489919385,0.6054941583946534,0.6122417479901683,0.6200381417429484,0.5891060294234325,0.6069541995422827,0.6080464919014841,0.5974293030296378,0.6043148331279571,1.3845562934875488e-06,0.0011783552169799805,1.5587608019510905e-06,1.3345479965209961e-06,1.3973315556844074e-06,1.2990832328796388e-06,1.3330578804016112e-06,0.0012141486008961995,0.0011693211396535238,0.0011624519030253092,0.0011783985296885172,0.0011674559116363525
752,11,distance,2.2473496878153174,0.6182141411279358,0.5994809347287566,0.617659555815774,0.6178739373838253,0.6268688190849308,0.6291874586263928,0.1808469165568761,0.17939769649884663,0.1812760611250485,0.18104653101455534,0.16972012252051177,0.17845746554316766,0.16364007509307904,0.16629892812528757,0.15872670781525042,0.16409099994834564,0.15817278831861306,0.16218589986011514,0.5994809347287566,0.617659555815774,0.6178739373838253,0.6268688190849308,0.6291874586263928,0.6182141411279358,0.5912931514523427,0.6098433968205258,0.610062160975999,0.6192409244154575,0.6216069637431163,0.6104093194814882,1.3823310534159342e-06,0.0012314134438832602,1.5760461489359538e-06,1.3350447018941244e-06,1.3524293899536134e-06,1.2938181559244792e-06,1.3543168703715007e-06,0.0012366060415903728,0.0012182247638702392,0.0012176573276519776,0.0012346867720286051,0.0012498923142751058
753,9,distance,2.2214545973338313,0.6170822402882398,0.5753486353666442,0.6240720690011965,0.5904015457943513,0.6691037821128064,0.6264851691662007,0.193920733368398,0.1778914820130893,0.17970612038958453,0.16561621942701144,0.1724436584262581,0.17791564272486826,0.17347247787130674,0.16116264147582837,0.16831708542238105,0.1538953960294183,0.15915629296182626,0.1632007787521521,0.5753486353666442,0.6240720690011965,0.5904015457943513,0.6691037821128064,0.6264851691662007,0.6170822402882398,0.5666675171799316,0.6163870005651051,0.5820281532041166,0.6623392938425401,0.6188494315682354,0.6092542792719857,1.3954440752665203e-06,0.0011817053159077964,1.5651186307271321e-06,1.3230244318644205e-06,1.4235575993855794e-06,1.309514045715332e-06,1.3560056686401367e-06,0.001161872148513794,0.0011665848890940347,0.001187484661738078,0.0011985278129577636,0.001194057067235311
754,15,distance,6.532619867293784,0.5579470130929993,0.5730412717932047,0.5752971389764316,0.5772794642457382,0.5177679109481168,0.5463492795015052,0.18159273825851513,0.1946712544841745,0.18965384694663637,0.20485015603814816,0.20345450244481786,0.1948444996344584,0.16688078246855867,0.1679006319809855,0.16346977533304743,0.1819574376377573,0.17806124615068158,0.17165397471420613,0.5730412717932047,0.5752971389764316,0.5772794642457382,0.5177679109481168,0.5463492795015052,0.5579470130929993,0.564312984334122,0.5666149680526108,0.568637817858939,0.5079096740339386,0.5370753295083504,0.5489101547575922,1.3632774353027344e-06,0.0009500904083251953,1.551210880279541e-06,1.3147791226704916e-06,1.3401110967000326e-06,1.310904820760091e-06,1.2993812561035157e-06,0.0009452426433563233,0.0009633819262186686,0.0009567427635192871,0.0009472131729125977,0.0009378715356190999
755,15,distance,6.606860450506611,0.560071078796088,0.5817731858426255,0.5587775936184485,0.5616645619998972,0.5590737763751249,0.5390662761443437,0.19916920129234886,0.1937985831630039,0.19913386534609975,0.19061945888387968,0.19300781961131794,0.19514578565933002,0.16441985402942189,0.1707786051193995,0.17377299463037368,0.16583049031182537,0.17498071907796417,0.16995653263379693,0.5817731858426255,0.5587775936184485,0.5616645619998972,0.5590737763751249,0.5390662761443437,0.560071078796088,0.5732234042925599,0.5497577147827097,0.5527037012571354,0.5500599523827936,0.5296434402222518,0.5510776425874901,1.3806025187174481e-06,0.0009484268029530844,1.5825033187866211e-06,1.3200441996256511e-06,1.3911724090576172e-06,1.310110092163086e-06,1.2991825739542643e-06,0.0009534049034118652,0.0009746404488881429,0.0009414223829905192,0.000949553648630778,0.0009231126308441162
756,15,distance,6.478762515509436,0.556338955844202,0.5609967165670501,0.5504692496175523,0.5386420292217551,0.5675217441996478,0.5640650396150044,0.19061931199840662,0.19687752809551368,0.20561787753712485,0.19248088763701554,0.1937162690139427,0.19586237485640068,0.1674980650842331,0.1698602120084997,0.18067367975205906,0.17032409228977993,0.167760150946365,0.17122324001618736,0.5609967165670501,0.5504692496175523,0.5386420292217551,0.5675217441996478,0.5640650396150044,0.556338955844202,0.5520222031067512,0.5412795238857134,0.529210520449457,0.5586806214234907,0.5551532516684627,0.5472692241067751,1.3682246208190917e-06,0.0009462401866912841,1.558860143025716e-06,1.3396143913269044e-06,1.3416012128194173e-06,1.304447650909424e-06,1.2965997060139974e-06,0.0009523598353068034,0.0009552419185638427,0.0009641019503275553,0.0009256815910339356,0.0009338156382242838
757,13,distance,6.555878779350266,0.5617145478707354,0.6034579132614195,0.539779453190422,0.5698287067770531,0.5615290430302879,0.5339776230944943,0.19249138493741758,0.19726982777485066,0.18890969614477718,0.19390082637415798,0.19579239517707406,0.19367282608165548,0.16562305748890196,0.17252300769941953,0.17352856830386698,0.1683235845192049,0.17441670276526813,0.1708829841553323,0.6034579132614195,0.539779453190422,0.5698287067770531,0.5615290430302879,0.5339776230944943,0.5617145478707354,0.5953514310793702,0.5303711966968702,0.5610347450757321,0.5525654118826959,0.52445076019353,0.5527547089856396,1.3622045516967773e-06,0.0009149699211120604,1.5410780906677246e-06,1.343687375386556e-06,1.3379255930582682e-06,1.2986858685811361e-06,1.2896458307902018e-06,0.000908974011739095,0.0009284075101216635,0.0009238529205322266,0.0009162183602650961,0.0008973968029022217
758,14,distance,6.564055591005728,0.5633400658363225,0.589483347409278,0.599836976880273,0.560624328682028,0.5332886706737402,0.5334670055362926,0.17949275007842866,0.18528423924136736,0.19402593571884078,0.20247392376681655,0.20641850561848482,0.19353907088478764,0.15698252447014904,0.16598826381368081,0.17106472304992076,0.1784571789547663,0.17869950596783934,0.17023843925127125,0.589483347409278,0.599836976880273,0.560624328682028,0.5332886706737402,0.5334670055362926,0.5633400658363225,0.5810911841535903,0.5916564721486943,0.5516422025222057,0.5237477235665595,0.5239297041162507,0.5544134573014601,1.377105712890625e-06,0.0009281240304311117,1.5905499458312988e-06,1.336534818013509e-06,1.3600786526997883e-06,1.3040502866109213e-06,1.2943148612976074e-06,0.0009138572216033935,0.0009385732809702556,0.0009467196464538574,0.0009105571111043294,0.0009309128920237224
759,14,distance,6.518604843106279,0.5587799838792497,0.5285688295456129,0.5385539388829598,0.5793005950513266,0.5558154377478817,0.5916611181684671,0.20082596987141926,0.19747800321504602,0.19044242587702442,0.19210535979628773,0.1932330300097993,0.19481695775391533,0.17400971852354288,0.1732903531732021,0.16834191989282604,0.17354003705861784,0.1656108878542891,0.1709585833004956,0.5285688295456129,0.5385539388829598,0.5793005950513266,0.5558154377478817,0.5916611181684671,0.5587799838792497,0.5189313950559151,0.5291206292860186,0.5707002665004167,0.5467350037665777,0.5833134749282995,0.5497601539074456,1.3851920763651529e-06,0.000936677614847819,1.5866756439208985e-06,1.3201435407002767e-06,1.4221668243408203e-06,1.3018647829691568e-06,1.2951095898946125e-06,0.0009391311804453532,0.0009431087970733642,0.0009394578138987223,0.0009306323528289795,0.0009310579299926758
760,15,distance,5.121539361766059,0.5667872877071247,0.5891426229797333,0.5759843702558051,0.5528689355015053,0.5422555402576137,0.5736849695409658,0.19296991629031315,0.18582667013859747,0.193083846315496,0.1952392139134769,0.19658101223011085,0.19274013177759886,0.1671651389970816,0.15940367010530926,0.17147016623632486,0.18613915106676557,0.16570741517904855,0.16997710831690596,0.5891426229797333,0.5759843702558051,0.5528689355015053,0.5422555402576137,0.5736849695409658,0.5667872877071247,0.5807434943183309,0.5673162483530276,0.543728266380582,0.53289790223903,0.5649698411499804,0.5579311504881902,1.3709068298339844e-06,0.0009862012068430584,1.5905499458312988e-06,1.3569990793863932e-06,1.3754765192667644e-06,1.2834866841634116e-06,1.248021920522054e-06,0.0009846842288970946,0.0009712425867716471,0.0010177878538767497,0.0009706024328867594,0.0009866889317830404
761,11,distance,3.043777106677952,0.6029616980096313,0.623721536194458,0.6268500708542447,0.6034258050923962,0.5727621128842892,0.5880489650227678,0.18145947283041133,0.17796317777930223,0.18046131877945992,0.1884733942667975,0.18668727914586772,0.18300892856036774,0.15375652569216594,0.157514716019275,0.1685395947351652,0.1722865045659744,0.16958491730045597,0.1643364516626073,0.623721536194458,0.6268500708542447,0.6034258050923962,0.5727621128842892,0.5880489650227678,0.6029616980096313,0.616029301840682,0.619221792916001,0.5953186665252901,0.5640281185991298,0.5796274787881396,0.5948450717338486,1.361072063446045e-06,0.0010665721098581948,1.5766421953837078e-06,1.345376173655192e-06,1.3385216395060222e-06,1.2909372647603354e-06,1.2538830439249674e-06,0.0010787701606750487,0.0010502115885416667,0.00109572172164917,0.0010628517468770345,0.001045305331548055
762,5,distance,2.00135342215939,0.597142437062815,0.6054241637619673,0.56230323760171,0.5949754463854268,0.6285523819026586,0.5944569556623125,0.18103429535222895,0.19189915897672588,0.17897556124615036,0.1797876091464497,0.1791140706191321,0.18216213906813739,0.16702282659963502,0.17636806553930875,0.16761136272170069,0.16183803923695042,0.16687303006933127,0.16794266483338524,0.6054241637619673,0.56230323760171,0.5949754463854268,0.6285523819026586,0.5944569556623125,0.597142437062815,0.5973578775015645,0.5533554332596666,0.5866955577255036,0.6209589041902768,0.5861664675327516,0.5889068480419526,1.3497273127237955e-06,0.0011108373006184897,1.5528996785481772e-06,1.3454755147298178e-06,1.3031562169392904e-06,1.2967983881632488e-06,1.250306765238444e-06,0.0011210950215657552,0.0011304295063018798,0.0011231422424316407,0.0010996508598327638,0.0010798688729604085
763,10,distance,2.0,0.6223450252932486,0.6246158825228261,0.5875085126347712,0.643861871448783,0.6170047987303504,0.6387340611295125,0.1845086844244867,0.17666255656444307,0.1772661762642753,0.1748697822478707,0.17174704715249078,0.17701084933071332,0.16689052990699893,0.167597709920528,0.15498234608133651,0.1645966144860205,0.154660523098859,0.1617455446987486,0.6246158825228261,0.5875085126347712,0.643861871448783,0.6170047987303504,0.6387340611295125,0.6223450252932486,0.6169419312285738,0.5790759779697239,0.6365813645618756,0.6091752545817375,0.6313487267744088,0.6146246510232639,1.3039708137512206e-06,4.384271303812662e-05,1.5128652254740398e-06,1.255969206492106e-06,1.2394785881042481e-06,1.246333122253418e-06,1.2652079264322917e-06,4.405101140340169e-05,4.355629285176595e-05,4.337191581726074e-05,4.447301228841146e-05,4.37613328297933e-05
764,5,distance,2.0171923139250296,0.6023552854779164,0.5852081704720956,0.5746249978772845,0.6231164633086128,0.6177528356955593,0.6110739600360295,0.1869742395622793,0.18846533868733792,0.17679731393396522,0.17825713654664227,0.17590855610711253,0.18128051696746744,0.17657559344356388,0.17671648021174627,0.155271924273007,0.15642280341932327,0.16781870500567747,0.1665611012706636,0.5852081704720956,0.5746249978772845,0.6231164633086128,0.6177528356955593,0.6110739600360295,0.6023552854779164,0.576728610072888,0.5659290864199207,0.6154118594920939,0.6099385836143782,0.603123172166238,0.5942262623531038,1.3777017593383787e-06,0.0011146583557128907,1.6373395919799804e-06,1.3447801272074382e-06,1.3382236162821453e-06,1.2879570325215658e-06,1.2802084287007649e-06,0.0011075385411580404,0.0011121702194213867,0.0011075913906097412,0.001125085751215617,0.001120905876159668
765,10,distance,2.0,0.6201848352277078,0.6367276085807485,0.6324941492989957,0.6134323758507043,0.6376199370875939,0.5806501053204968,0.17943285690054514,0.17703390522578824,0.1743725864786749,0.1699749991861339,0.18874833475142982,0.1779125365085144,0.1585413428694412,0.1602250675637388,0.15975729793804902,0.16152157490288238,0.16819223601401126,0.16164750385762455,0.6367276085807485,0.6324941492989957,0.6134323758507043,0.6376199370875939,0.5806501053204968,0.6201848352277078,0.6293012564563345,0.6249812528621779,0.6055298009106846,0.6302118267725192,0.5720773647137607,0.6124203003430954,1.3318459192911783e-06,4.391018549601237e-05,1.5236934026082356e-06,1.3040502866109213e-06,1.2954076131184896e-06,1.2769301732381184e-06,1.259148120880127e-06,4.4033130009969075e-05,4.4466654459635415e-05,4.415512084960937e-05,4.327694574991862e-05,4.361907641092936e-05
766,10,distance,2.0,0.6163902842310381,0.5820332653610989,0.624482526334985,0.6359106796578928,0.6581232244862616,0.5814017253149525,0.1865234653491082,0.1719737891278951,0.1708703679487666,0.17591631522697904,0.18786120167353806,0.17862902786525742,0.17230987528165165,0.16325071553704007,0.1579466718542773,0.14888497059022948,0.1704930989193256,0.16257706643650482,0.5820332653610989,0.624482526334985,0.6359106796578928,0.6581232244862616,0.5814017253149525,0.6163902842310381,0.5734888005984637,0.6168058488494992,0.6284676271125686,0.6511342614433913,0.572844350023265,0.6085481776054376,1.322487990061442e-06,4.407334327697754e-05,1.5360116958618164e-06,1.2945135434468587e-06,1.2707710266113281e-06,1.2555718421936036e-06,1.2555718421936036e-06,4.402041435241699e-05,4.485368728637695e-05,4.400293032328288e-05,4.353205362955729e-05,4.395763079325358e-05
767,10,distance,2.0,0.6197276730813668,0.6059652650178068,0.6426061166323528,0.6110954756177704,0.6048980856622979,0.6340734224766063,0.18446962358056695,0.16839764729081816,0.18327062560207807,0.1792191493602011,0.17541631196119545,0.17815467155897197,0.16997108111900028,0.15086324443132246,0.1654036212260964,0.16429395022158033,0.15820737041006383,0.16174785348161266,0.6059652650178068,0.6426061166323528,0.6110954756177704,0.6048980856622979,0.6340734224766063,0.6197276730813668,0.597910040452583,0.6352999384374435,0.6031451275895137,0.5968210448240484,0.6265928110110514,0.6119537924629279,1.3459920883178711e-06,4.4217665990193685e-05,1.5526016553243e-06,1.2979904810587565e-06,1.2931227684020996e-06,1.3195474942525227e-06,1.2666980425516763e-06,4.5038461685180664e-05,4.32586669921875e-05,4.438320795694987e-05,4.408001899719238e-05,4.432797431945801e-05
768,5,distance,2.0016537060566835,0.6112579428707631,0.6071140016295354,0.6377323057213691,0.6293588750345214,0.5864479854130248,0.5956365465553642,0.18448046865626253,0.17427103565446714,0.16624283493029338,0.1811638853276798,0.18799975392862248,0.17883159569946505,0.16304014834112093,0.16091992120123735,0.15519561739123125,0.17270557876252712,0.17356327309357564,0.16508490775793846,0.6071140016295354,0.6377323057213691,0.6293588750345214,0.5864479854130248,0.5956365465553642,0.6112579428707631,0.59908226060663,0.6303264925504259,0.6217818844049035,0.5779937704640576,0.5873701727200396,0.6033109161492113,1.344879468282064e-06,0.0011006017525990804,1.5415747960408529e-06,1.3424952824910482e-06,1.2895464897155763e-06,1.2926260630289714e-06,1.2581547101338705e-06,0.0011290991306304931,0.0011179951826731365,0.0010851422945658367,0.0010899460315704345,0.0010808261235555013
769,5,distance,2.006878322717868,0.605036595546414,0.6396795971804254,0.5746131545195399,0.616654394620211,0.5940509444071695,0.6001848870047239,0.16963872439893288,0.18937545409199533,0.182089615293962,0.18324629477520163,0.17232691850823584,0.17933540141366552,0.16078641741036728,0.1739836771837638,0.16336346976230476,0.16304643357598614,0.1745553723503231,0.167147074056549,0.6396795971804254,0.5746131545195399,0.616654394620211,0.5940509444071695,0.6001848870047239,0.605036595546414,0.6323135923527681,0.5659170009492409,0.608817687184849,0.5857521562178782,0.592011494575519,0.596962386256051,1.3669530550638833e-06,0.001118199348449707,1.5868743260701498e-06,1.3406078020731608e-06,1.3361374537150066e-06,1.285374164581299e-06,1.2857715288798014e-06,0.0011116719245910644,0.0011281108856201173,0.0011231811841328938,0.0011076565583546956,0.001120376189549764
770,10,distance,2.0,0.6257501892807557,0.6159791019072313,0.653777147910211,0.6128203733481259,0.6425990743325238,0.6035752489056861,0.17538859523986097,0.1683928905755112,0.18460680528516019,0.1766454982631292,0.17636417537798407,0.17627959294832912,0.16604176260030717,0.15183973000829862,0.1633632399349008,0.1598216020563859,0.1614879863785016,0.16051086419567878,0.6159791019072313,0.653777147910211,0.6128203733481259,0.6425990743325238,0.6035752489056861,0.6257501892807557,0.6081285895101047,0.6466993383274555,0.6049052872836923,0.635292752172371,0.595471165408017,0.6180994265403281,1.3362765312194825e-06,4.3755928675333665e-05,1.5433629353841146e-06,1.3088186581929524e-06,1.2913346290588378e-06,1.2814005215962729e-06,1.2564659118652343e-06,4.4512748718261716e-05,4.367709159851074e-05,4.242022832234701e-05,4.3503443400065105e-05,4.4666131337483724e-05
771,10,distance,2.0,0.6225294284776509,0.6212643980778154,0.6166413491914022,0.6182597153300613,0.6141038980060053,0.6423777817829701,0.17066614365608895,0.1728335946596508,0.18483831956040375,0.17741160176352747,0.17981139354038955,0.1771122106360121,0.15935598868221565,0.16110136469509273,0.16355074525876795,0.16681207880364274,0.15768299058969523,0.16170063360588288,0.6212643980778154,0.6166413491914022,0.6182597153300613,0.6141038980060053,0.6423777817829701,0.6225294284776509,0.6135219326211439,0.6088043750692503,0.6104558253538446,0.6062150509465029,0.6350669357546833,0.614812823949085,1.333793004353841e-06,4.396764437357585e-05,1.5264749526977539e-06,1.305242379506429e-06,1.28785769144694e-06,1.2683868408203126e-06,1.2810031572977702e-06,4.575292269388835e-05,4.3616692225138345e-05,4.266222318013509e-05,4.378596941630046e-05,4.402041435241699e-05
772,10,distance,2.0,0.6202527003074106,0.6012430704486451,0.6264940511382565,0.5983255852862784,0.6455968062372677,0.6296039884266047,0.17734736831559594,0.17590698129537177,0.17697349518706457,0.17822949039999358,0.17739025006088416,0.177169517051782,0.16622601352741184,0.15710721276003445,0.17104393451439806,0.15807712694544268,0.16062889117102092,0.1626166357836616,0.6012430704486451,0.6264940511382565,0.5983255852862784,0.6455968062372677,0.6296039884266047,0.6202527003074106,0.5930913103896737,0.6188584951138256,0.5901141832819093,0.6383517665010618,0.6220320086329407,0.6124895527838822,1.6687909762064616e-06,4.45706844329834e-05,3.3354759216308594e-06,1.2625257174173992e-06,1.2526909510294596e-06,1.2449423472086589e-06,1.2483199437459309e-06,4.862387975056966e-05,4.35944398244222e-05,4.320462544759115e-05,4.3538014094034834e-05,4.389246304829915e-05
773,5,distance,2.0074652783874134,0.6023663636733718,0.635856372241657,0.5698424763130876,0.6141749055574954,0.5506424961045726,0.6413155681500461,0.18027989517814472,0.17823482716743208,0.17792722957349638,0.19147765376680478,0.16957474893142507,0.17949887092346062,0.15930208703454304,0.1709984913352158,0.16463974355578243,0.1844803816065628,0.15991078749378582,0.16786629820517798,0.635856372241657,0.5698424763130876,0.6141749055574954,0.5506424961045726,0.6413155681500461,0.6023663636733718,0.628412209493616,0.5610487961014301,0.6062875101004084,0.5414563120385673,0.6339830073626536,0.594237567019335,1.3583302497863768e-06,0.0011029312610626222,1.5558799107869465e-06,1.373589038848877e-06,1.300672690073649e-06,1.2802084287007649e-06,1.281301180521647e-06,0.0011201981703440349,0.0010725478331247964,0.001102660894393921,0.0011253949006398518,0.0010938545068105061
774,5,distance,2.0012898620392177,0.6056178647847625,0.6055064866972507,0.6262985908333065,0.610873470074055,0.5979233688176329,0.5874874075015678,0.18291053936309468,0.17472547784223982,0.17089665682145963,0.1977177966442476,0.17895098280640379,0.1810402906954891,0.1662238255707804,0.15685067313471898,0.1635678146886665,0.16747638739636997,0.17262519779138474,0.16534877971638412,0.6055064866972507,0.6262985908333065,0.610873470074055,0.5979233688176329,0.5874874075015678,0.6056178647847625,0.597441883358864,0.6186590390275138,0.6029185836019744,0.5897037443300888,0.5790544413857566,0.5975555383408395,1.3626615206400554e-06,0.0011104667186737059,1.5337268511454264e-06,1.3296802838643392e-06,1.3343493143717448e-06,1.2833873430887858e-06,1.3321638107299806e-06,0.0010713104406992594,0.0011046449343363443,0.001109246810277303,0.0011142647266387938,0.0011528666814168294
775,10,distance,2.0,0.6093272832275662,0.579279646845916,0.6121764361300543,0.6394485545243103,0.5616889106819923,0.6540428679555583,0.1904934441286021,0.1817607962393899,0.17357438903491285,0.18537253878296484,0.1688191214238705,0.18000405792194804,0.16954141616108956,0.16675208805802913,0.16102168196398284,0.16829556441094984,0.1539573258496671,0.1639136152887437,0.579279646845916,0.6121764361300543,0.6394485545243103,0.5616889106819923,0.6540428679555583,0.6093272832275662,0.5706788900523061,0.6042481861020487,0.6320778265077716,0.5527285476976378,0.6469704904691302,0.6013407881657789,1.3328790664672853e-06,4.3973525365193685e-05,1.5271703402201334e-06,1.2664000193277994e-06,1.2583533922831218e-06,1.30842129389445e-06,1.3040502866109213e-06,4.373868306477865e-05,4.3547550837198894e-05,4.43724791208903e-05,4.351178805033366e-05,4.4697125752766926e-05
776,10,distance,2.0,0.6206515348057912,0.6122714464500142,0.6430503960257259,0.6194109762648269,0.611853102881692,0.6166717524066967,0.17290672985742814,0.17382683771630034,0.17426854569296069,0.1784116695213159,0.1845096510360591,0.17678468676481282,0.16839371327262076,0.1540713307012541,0.1670091748294785,0.16247375143624,0.16264287305254063,0.16291816865842682,0.6122714464500142,0.6430503960257259,0.6194109762648269,0.611853102881692,0.6166717524066967,0.6206515348057912,0.6043451387113432,0.6357533002034239,0.6116306214354877,0.6039182429746739,0.6088353998153515,0.612896540628056,1.3215740521748861e-06,4.4022003809611006e-05,1.5155474344889322e-06,1.2914339701334636e-06,1.2758374214172364e-06,1.2531876564025878e-06,1.2718637784322104e-06,4.519462585449219e-05,4.40824031829834e-05,4.419287045796712e-05,4.325270652770996e-05,4.338741302490234e-05
777,10,distance,2.0,0.6179848527329772,0.582383335220416,0.631577705855783,0.6144385898226179,0.6405470776123134,0.6209775551537553,0.18090755223042698,0.17579078952571853,0.17937617682265697,0.17402531405934468,0.18041664186029635,0.1781032948996887,0.18035009704066868,0.15559738173893606,0.16482888514126204,0.1551273033019751,0.15739595479024615,0.16265992440261762,0.582383335220416,0.631577705855783,0.6144385898226179,0.6405470776123134,0.6209775551537553,0.6179848527329772,0.5738460269114636,0.6240460746296661,0.6065565848445453,0.6331988066265345,0.6132292257872222,0.6101753437598864,1.299599806467692e-06,4.3894847234090166e-05,1.5007456143697104e-06,1.263717810312907e-06,1.2495120366414389e-06,1.240869363149007e-06,1.243154207865397e-06,4.4416586558024085e-05,4.348158836364746e-05,4.3572187423706054e-05,4.429340362548828e-05,4.371047019958496e-05
778,10,distance,2.0,0.626491980027071,0.6274080984929722,0.6788811025550001,0.5847749071558384,0.6044107972460815,0.6369849946854629,0.1738548862416562,0.16758696615711371,0.1856459400108493,0.17826620526768147,0.1772582919121964,0.1765224579178994,0.15572064810712843,0.1481611160027301,0.16979269900810226,0.1701268826644738,0.15756265812471415,0.16027280078142975,0.6274080984929722,0.6788811025550001,0.5847749071558384,0.6044107972460815,0.6369849946854629,0.626491980027071,0.6197912282747706,0.6723164913636202,0.5762864895849185,0.5963237948047748,0.62956390428721,0.6188563816630588,1.3024409612019856e-06,4.3702046076456706e-05,1.506507396697998e-06,1.2641151746114094e-06,1.246929168701172e-06,1.2492140134175618e-06,1.245439052581787e-06,4.432002703348796e-05,4.3225685755411786e-05,4.313985506693522e-05,4.3659210205078126e-05,4.4165452321370444e-05
779,10,distance,2.0,0.6218439214215842,0.613413241407655,0.6213464354253633,0.6178683257260784,0.6855161253804838,0.57107547916834,0.18258676610350108,0.18376901701013676,0.17613215764916496,0.1693075559166274,0.17854798984092124,0.17806869730407027,0.16318769948927228,0.15928191746065987,0.16412032463566675,0.1452169512942158,0.1699831283047543,0.16035800423691376,0.613413241407655,0.6213464354253633,0.6178683257260784,0.6855161253804838,0.57107547916834,0.6218439214215842,0.6055102753035525,0.6136056470524576,0.6100564345995246,0.679087153497291,0.5623070051479313,0.6141133031201514,1.3428330421447756e-06,4.4132153193155925e-05,1.5095869700113933e-06,1.2811024983723958e-06,1.2909372647603354e-06,1.3185540835062662e-06,1.3139843940734864e-06,4.401644070943197e-05,4.4645071029663085e-05,4.410823186238607e-05,4.3363173802693684e-05,4.4527848561604815e-05
780,9,distance,2.0,0.6150260869102181,0.6250200352071544,0.616046431795845,0.6150524556647663,0.6005333919477339,0.6184781199355909,0.1826157217907995,0.17636688962156355,0.16983295840839874,0.18898009368898216,0.1758280629697429,0.17872474529589738,0.15511509575721266,0.16231657876551564,0.16120062893939172,0.17514141740084413,0.16408639981053255,0.16357202413469935,0.6250200352071544,0.616046431795845,0.6150524556647663,0.6005333919477339,0.6184781199355909,0.6150260869102181,0.6173543459779991,0.6081972958189287,0.6071829999032283,0.592367123980737,0.61067869478947,0.6071560920940726,1.361687978108724e-06,4.37641938527425e-05,1.5496214230855307e-06,1.3265013694763183e-06,1.3057390848795573e-06,1.3148784637451171e-06,1.3116995493570964e-06,4.386742909749349e-05,4.355192184448242e-05,4.3449799219767254e-05,4.329125086466471e-05,4.4660568237304686e-05
781,9,distance,2.0,0.6202351611720891,0.6434830851304988,0.5773999536182515,0.6613939808170533,0.6266608456342606,0.5922379406603813,0.17895444879504216,0.17914367167425216,0.171537386094172,0.17809289457833613,0.18102049316672747,0.177749778861706,0.15783094374497697,0.17404444474548383,0.15821029066286585,0.1547292349101788,0.16272617963381641,0.16150821873946436,0.6434830851304988,0.5773999536182515,0.6613939808170533,0.6266608456342606,0.5922379406603813,0.6202351611720891,0.6361948347413438,0.5687607703872788,0.6544718816174018,0.6190286993780616,0.5839020893621267,0.6124716550972426,1.3528068860371909e-06,4.380933443705241e-05,1.5404820442199706e-06,1.3396143913269044e-06,1.3656417528788248e-06,1.2615323066711425e-06,1.2567639350891114e-06,4.4666528701782226e-05,4.511117935180664e-05,4.3210188547770185e-05,4.2722225189208984e-05,4.3336550394694014e-05
782,15,distance,3.1544562725946,0.5977939048975919,0.6152157601612469,0.6115146870395447,0.5824642044306758,0.5707372677972277,0.6090376050592644,0.18276820301835803,0.1900655996134867,0.18503671593108953,0.18325393556244515,0.18498230838153304,0.1852213525013825,0.15781717571832224,0.1654770309691659,0.16923585713268577,0.16530164828631633,0.1632364528967822,0.1642136330006545,0.6152157601612469,0.6115146870395447,0.5824642044306758,0.5707372677972277,0.6090376050592644,0.5977939048975919,0.6073496428221242,0.6035729089211026,0.5739285493253403,0.5619618797453823,0.6010451881269154,0.5895716337881729,1.35725736618042e-06,0.0011246391137441,1.598795255025228e-06,1.3485550880432129e-06,1.3381242752075195e-06,1.24971071879069e-06,1.2511014938354491e-06,0.0011343900362650553,0.0011454304059346518,0.0011282678445180257,0.001109627882639567,0.0011054793993631998
783,9,distance,2.0,0.6095048935907681,0.6451059435027393,0.6054720446117032,0.614470622770345,0.6184398524079788,0.5640360046610745,0.16514910825092724,0.19367624606127906,0.17692702200572233,0.17501980738369913,0.18541139359843817,0.17923671546001319,0.15264640673702937,0.16929353873750327,0.1619125675064435,0.1659336803481803,0.17414807241784921,0.16478685314940114,0.6451059435027393,0.6054720446117032,0.614470622770345,0.6184398524079788,0.5640360046610745,0.6095048935907681,0.6378508690939366,0.5974067371761673,0.6065892726395855,0.610639644961464,0.5551236231549976,0.6015220294052301,1.344601313273112e-06,4.3263673782348636e-05,1.5473365783691407e-06,1.322329044342041e-06,1.3568997383117676e-06,1.2513001759847005e-06,1.2451410293579102e-06,4.436930020650228e-05,4.4223070144653324e-05,4.239320755004883e-05,4.290580749511719e-05,4.2426983515421546e-05
784,9,distance,2.0,0.6118260244055038,0.5958207824481492,0.6356780585438253,0.609527072145279,0.5634407544123516,0.654663454477914,0.18094173999390042,0.18166591768024934,0.1746351603716379,0.19657246898766992,0.16646167105791349,0.1800553916182742,0.16294828902792596,0.15868512806217688,0.1551908581799256,0.18305521460142854,0.15451227492332165,0.16287835295895575,0.5958207824481492,0.6356780585438253,0.609527072145279,0.5634407544123516,0.654663454477914,0.6118260244055038,0.5875581749343124,0.628230250541314,0.6015446613543818,0.5545162042470164,0.6476037635984164,0.6038906109350883,1.3811389605204264e-06,4.40202554066976e-05,1.5291571617126466e-06,1.369019349416097e-06,1.3566017150878907e-06,1.3478597005208333e-06,1.3030568758646648e-06,4.303296407063802e-05,4.4061740239461264e-05,4.497647285461426e-05,4.472533861796061e-05,4.33047612508138e-05
785,9,distance,2.0,0.6199043703522606,0.6082678166440847,0.6480511531342521,0.5988090011827826,0.6345477112890929,0.6098461695110908,0.18224266209480183,0.16856450633682254,0.18210089674739557,0.17812934599892155,0.17715389177243043,0.17763826059007443,0.16817159498361084,0.15658082053723496,0.16563869358648925,0.15654634075318016,0.16500341819489234,0.1623881736110815,0.6082678166440847,0.6480511531342521,0.5988090011827826,0.6345477112890929,0.6098461695110908,0.6199043703522606,0.6002596629809314,0.6408562874402335,0.5906074816158207,0.6270767956766041,0.6018702820053551,0.6121341019437889,1.3526082038879395e-06,4.34112548828125e-05,1.5622377395629883e-06,1.2986858685811361e-06,1.2975931167602539e-06,1.3000766436258952e-06,1.304447650909424e-06,4.3378671010335285e-05,4.343390464782715e-05,4.3643712997436525e-05,4.3877363204956054e-05,4.2722622553507486e-05
786,9,distance,2.0,0.6228427962071479,0.6440940588342687,0.5870854056462051,0.6316713097683349,0.619973424985695,0.6313897818012362,0.17759664288600907,0.18289955698798954,0.18063973635994723,0.1793740003169793,0.1653296785246466,0.17716792301511436,0.1588127801340176,0.1715188914618379,0.1631808492487391,0.16098190318711092,0.15283268601069788,0.16146542200848069,0.6440940588342687,0.5870854056462051,0.6316713097683349,0.619973424985695,0.6313897818012362,0.6228427962071479,0.6368182985378654,0.5786442214345433,0.6241415920804644,0.6122045682562713,0.623854308856798,0.6151325978331885,1.3396938641866048e-06,4.328568776448568e-05,1.5510121981302898e-06,1.3249119122823078e-06,1.3122955958048502e-06,1.2517968813578287e-06,1.2584527333577474e-06,4.415353139241536e-05,4.384199778238932e-05,4.3004751205444336e-05,4.221320152282715e-05,4.321495691935221e-05
787,14,uniform,5.5039397801599,0.5596548399475733,0.5425140938224936,0.5640142146254218,0.5497858282811304,0.5772071624617663,0.5647529005470544,0.20092664859986792,0.18851203120023957,0.1975281240402647,0.1931815470045395,0.1949617037685716,0.19502201092269664,0.17210039272252695,0.17059197989880795,0.17044416298001297,0.1669204668986276,0.17207641896330628,0.17042668429265634,0.5425140938224936,0.5640142146254218,0.5497858282811304,0.5772071624617663,0.5647529005470544,0.5596548399475733,0.5331617413963776,0.555101387667168,0.5405821314146458,0.5685640380146474,0.5558551744935019,0.5506528945972681,1.357873280843099e-06,0.0009536389509836832,1.5904506047566732e-06,1.3512372970581056e-06,1.3423959414164226e-06,1.2573599815368652e-06,1.2479225794474284e-06,0.0009595155715942383,0.000965877374013265,0.000966960589090983,0.0009510421752929688,0.0009247990449269613
788,15,uniform,2.010223691630146,0.6115862676425372,0.5946434973425678,0.6184340163904133,0.6124170917497767,0.6234861566509606,0.6089505760789672,0.18547756359087286,0.17483949113103028,0.18763355709952692,0.1828205176411475,0.18364732569297346,0.18288369103111018,0.16881195177083128,0.15627656336825524,0.15373553965430958,0.16288174036898712,0.16091100556722052,0.16052336014592075,0.5946434973425678,0.6184340163904133,0.6124170917497767,0.6234861566509606,0.6089505760789672,0.6115862676425372,0.586356822671547,0.6106336896385989,0.6044937614277959,0.6157891104496174,0.6009563800192528,0.6036459528413622,1.3642112414042156e-06,0.001327769915262858,1.602470874786377e-06,1.3589859008789063e-06,1.3567010561625163e-06,1.2507041295369467e-06,1.2521942456563314e-06,0.0013322369257609049,0.0013457266489664713,0.0013248284657796225,0.0013274852434794109,0.001308572292327881
789,14,uniform,2.0027225452634543,0.6095873317792655,0.6324635410455799,0.6438431923281946,0.5965535248071454,0.5774813694666154,0.5975950312487921,0.177790673914597,0.174984227454815,0.18506116148018942,0.17694797463084314,0.19577648651713003,0.18211210479951495,0.15359791517554372,0.15071545951262347,0.1660094155707375,0.16982773324014466,0.17049147515821972,0.16212839973145382,0.6324635410455799,0.6438431923281946,0.5965535248071454,0.5774813694666154,0.5975950312487921,0.6095873317792655,0.6249500188863755,0.6365623035853298,0.5883058966941739,0.5688438506141442,0.5893686945792614,0.601606152871857,1.412192980448405e-06,0.0013109559218088787,1.585086186726888e-06,1.4151136080423991e-06,1.5130639076232911e-06,1.2647112210591634e-06,1.2829899787902831e-06,0.0013433388868967693,0.0013384175300598143,0.0012861367066701254,0.0012890636920928956,0.0012978227933247884
790,9,distance,2.0,0.617334363027207,0.6136884295423722,0.6324709615592864,0.6439772538526907,0.6490279504415686,0.5475072197401174,0.18502370945938656,0.17513323936920833,0.17353757584979815,0.1666227522476172,0.1905844086294601,0.17818033711109407,0.16553049769625014,0.16285860866475405,0.1556555165165958,0.15542269564890504,0.17398595295696725,0.16269065429669444,0.6136884295423722,0.6324709615592864,0.6439772538526907,0.6490279504415686,0.5475072197401174,0.617334363027207,0.6057910890900868,0.6249575910971252,0.6366991057202074,0.6418530533466773,0.5382569414383821,0.6095115561384958,1.6504526138305663e-06,4.4368743896484376e-05,3.0428171157836912e-06,1.3356407483418784e-06,1.3361374537150066e-06,1.2700756390889486e-06,1.2675921122233072e-06,4.720369974772136e-05,4.487991333007813e-05,4.3487548828125e-05,4.335880279541016e-05,4.291375478108724e-05
791,14,distance,2.001467814507425,0.6183571761840361,0.603457285265656,0.5696896389052506,0.6656348418445077,0.6430819734316648,0.609922141473101,0.19043040614754692,0.18766018532902884,0.1643249509802365,0.17347661160232414,0.18286201940998137,0.17975083469382352,0.1668532199902147,0.17608090157403575,0.14535003131958435,0.15281355984916498,0.161752951455934,0.16057013283778673,0.603457285265656,0.5696896389052506,0.6656348418445077,0.6430819734316648,0.609922141473101,0.6183571761840361,0.5953507902455331,0.5608928342491399,0.6587994382706306,0.6357855231440668,0.6019478070568782,0.6105552785932498,1.406113306681315e-06,0.001309228261311849,1.5898545583089192e-06,1.408060391743978e-06,1.5043218930562337e-06,1.2723604838053386e-06,1.255969206492106e-06,0.0013433305422465007,0.0013476518789927166,0.0012774181365966797,0.001282550891240438,0.0012951898574829102
792,9,distance,2.0,0.6223241854438741,0.6599514086666034,0.6164789285323369,0.624492156287134,0.5999198781632452,0.6107785555700515,0.16982416753811763,0.1796273708179654,0.17593724491348067,0.18146248443820748,0.1822271918807343,0.17781569191770108,0.15574578141997944,0.16002143869345611,0.15670560308322193,0.165537713875006,0.16691077499531987,0.16098426241339667,0.6599514086666034,0.6164789285323369,0.624492156287134,0.5999198781632452,0.6107785555700515,0.6223241854438741,0.6529998190652393,0.6086386340559962,0.6168156756660873,0.5917410681768038,0.6028217287673949,0.6146033851463042,1.3267795244852703e-06,4.359428087870279e-05,1.5376011530558268e-06,1.293321450551351e-06,1.2922286987304687e-06,1.2601415316263834e-06,1.250604788462321e-06,4.486282666524251e-05,4.3879350026448565e-05,4.318435986836751e-05,4.302660624186198e-05,4.3018261591593426e-05
793,9,distance,2.0,0.6200798745331152,0.6123856425934091,0.683805991348367,0.5799884448571102,0.6160146036813983,0.608204690185292,0.17342517129866725,0.16978796219176165,0.1792569698393102,0.17959845818522988,0.1827471065748874,0.17696313361797128,0.159545074001802,0.14995021443650552,0.16943589703180412,0.16808526853135414,0.1650756707745015,0.16241842495519346,0.6123856425934091,0.683805991348367,0.5799884448571102,0.6160146036813983,0.608204690185292,0.6200798745331152,0.6044616693585214,0.6773420593146027,0.571402177971736,0.6081648170445615,0.6001952460323507,0.6123131939443545,1.3449589411417642e-06,4.390446345011393e-05,1.5585621198018392e-06,1.3463695844014486e-06,1.2789169947306315e-06,1.2646118799845377e-06,1.2763341267903646e-06,4.541794459025065e-05,4.381179809570312e-05,4.398226737976074e-05,4.2972167332967125e-05,4.333813985188802e-05
794,14,distance,2.017859438342316,0.6183316630654265,0.58520628913514,0.6132983543982181,0.6051522093357637,0.6101052256911486,0.6778962367668622,0.18118395870952297,0.17396643656310076,0.18753627820975713,0.18487440281304682,0.16844415001059165,0.17920104526120387,0.1679888388076523,0.1646792530838117,0.16262448204486837,0.16328031814592647,0.146044238415055,0.16092342609946278,0.58520628913514,0.6132983543982181,0.6051522093357637,0.6101052256911486,0.6778962367668622,0.6183316630654265,0.5767266902758924,0.6053930396670062,0.5970803635300213,0.6021346340528075,0.671311492032965,0.6105292439117385,1.3496677080790203e-06,0.001304514726003011,1.5737613042195637e-06,1.3387203216552735e-06,1.3280908266703288e-06,1.2516975402832031e-06,1.2560685475667318e-06,0.0013209700584411622,0.001350727081298828,0.0012808152039845784,0.0012984017531077066,0.00127165953318278
795,9,distance,2.0,0.6273211756628942,0.649383979420541,0.6440308633327878,0.6087804876649796,0.6008565258443178,0.6335540220518447,0.1715416619357573,0.17250043719277022,0.18052699988026424,0.18165810933359847,0.17460013070835748,0.17616546781014955,0.15753014944543545,0.15100172232229128,0.167188243962973,0.1608504211479599,0.16583403263011173,0.16048091390175429,0.649383979420541,0.6440308633327878,0.6087804876649796,0.6008565258443178,0.6335540220518447,0.6273211756628942,0.6422163606011995,0.6367538111351616,0.6007828144996981,0.5926968636809989,0.6260627925196849,0.6197025284873486,1.311957836151123e-06,4.358569780985514e-05,1.5274683634440103e-06,1.2593468030293783e-06,1.2444456418355306e-06,1.2452403704325358e-06,1.2832880020141602e-06,4.364172617594401e-05,4.333376884460449e-05,4.367828369140625e-05,4.372278849283854e-05,4.355192184448242e-05
796,9,distance,2.0,0.6260923474307667,0.6464121674022416,0.6401734107462256,0.595495098968416,0.6221744523003419,0.6262066077366082,0.17219145572491518,0.17566282255226093,0.1785406913909472,0.18036075725036155,0.172823114940192,0.17591576837173534,0.15460948676066696,0.1619157779222555,0.163241811330991,0.16765904086481973,0.15856994796584398,0.16119921296891543,0.6464121674022416,0.6401734107462256,0.595495098968416,0.6221744523003419,0.6262066077366082,0.6260923474307667,0.6391837960373812,0.6328175009148026,0.587225833529951,0.6144505910185771,0.6185651755267944,0.6184485794055012,1.3376871744791667e-06,4.324356714884441e-05,1.5427668889363606e-06,1.2808044751485189e-06,1.3018647829691568e-06,1.2745459874471028e-06,1.288453737894694e-06,4.4045050938924156e-05,4.356781641642253e-05,4.29387887318929e-05,4.263003667195638e-05,4.303614298502604e-05
797,9,distance,2.0,0.6215764214239795,0.6260766993216615,0.5954596215255741,0.6331285527428192,0.6267258912788918,0.6264913422509508,0.17871964189327377,0.17717577966700215,0.1733425299417268,0.17602101269399606,0.17967755037473906,0.17698730291414758,0.16316367514062016,0.15957721792636573,0.16234617678619226,0.16196880468929511,0.16398978762697602,0.16220913243388985,0.6260766993216615,0.5954596215255741,0.6331285527428192,0.6267258912788918,0.6264913422509508,0.6215764214239795,0.6184326114031946,0.5871896308242229,0.6256286253712925,0.6190950747462627,0.618855730848926,0.6138403346387797,1.3302961985270181e-06,4.347054163614909e-05,1.5417734781901042e-06,1.2896458307902018e-06,1.2557705243428547e-06,1.277923583984375e-06,1.2863675753275554e-06,4.4807990392049153e-05,4.3499469757080075e-05,4.3062369028727215e-05,4.273692766825358e-05,4.3245951334635414e-05
798,9,distance,2.0,0.6221834152590922,0.626882760226465,0.6492865879104887,0.559998920842035,0.6395683804367016,0.6351804268797703,0.17167388523675078,0.1708928675034004,0.1855644029302039,0.18237041194579964,0.17650303574304088,0.17740092067183913,0.15899416729110732,0.1566830450840031,0.17599776356445146,0.15951945994916214,0.15489371442008246,0.16121763006176132,0.626882760226465,0.6492865879104887,0.559998920842035,0.6395683804367016,0.6351804268797703,0.6221834152590922,0.6192551505547743,0.6421169781233096,0.5510040095134223,0.6322001020129204,0.6277224458279087,0.6144597372064671,1.6931692759195963e-06,4.3984810511271154e-05,3.28292449315389e-06,1.2890497843424478e-06,1.3158718744913738e-06,1.2747446695963542e-06,1.303255558013916e-06,4.838069279988607e-05,4.302620887756348e-05,4.201809565226237e-05,4.322369893391927e-05,4.327535629272461e-05
799,9,distance,2.0,0.6216837097145798,0.6257388757690363,0.6484291121223145,0.5981897797868998,0.6077536904507435,0.6283070904439041,0.1761650330317477,0.1816770526263277,0.17373628661192966,0.1830712301458729,0.1724531894729192,0.17742055837775944,0.15866868786600877,0.1555722244163736,0.1593703361984424,0.1674783180681334,0.16607125487221217,0.16143216428423407,0.6257388757690363,0.6484291121223145,0.5981897797868998,0.6077536904507435,0.6283070904439041,0.6216837097145798,0.618087881747279,0.6412419730174895,0.5899756015201925,0.5997350265417297,0.6207085982553638,0.613949816216411,1.3403892517089843e-06,4.291097323099772e-05,1.5467405319213867e-06,1.2849768002827962e-06,1.3090173403422037e-06,1.2735525767008464e-06,1.2876590092976887e-06,4.349072774251302e-05,4.284262657165527e-05,4.234751065572103e-05,4.2929649353027344e-05,4.294435183207194e-05
800,9,distance,2.0,0.6250330948382491,0.6216169331034029,0.6258956998409746,0.6123050151668779,0.6328248969482857,0.632522929131704,0.18155705325693353,0.1755650079994881,0.17887781444247372,0.17192188255389057,0.17590390658950653,0.17676513296845847,0.1639816690459251,0.16336531597973908,0.15757610754145854,0.16130496959167234,0.15915270888685804,0.16107615420913063,0.6216169331034029,0.6258956998409746,0.6123050151668779,0.6328248969482857,0.632522929131704,0.6250330948382491,0.6138816744956361,0.6182479117627662,0.6043793936711411,0.6253187619625606,0.6250106210389961,0.61736767258622,1.8197298049926754e-06,4.456003506978353e-05,3.7592649459838867e-06,1.3466676076253255e-06,1.335740089416504e-06,1.3317664464314779e-06,1.325209935506185e-06,4.684329032897949e-05,4.335125287373861e-05,4.426995913187663e-05,4.4367313385009766e-05,4.396835962931315e-05
801,9,distance,2.0,0.6302976491642828,0.6673072643948911,0.6422513662084117,0.6221523437153076,0.6178733731651217,0.6019038983376815,0.16477390285402438,0.1790153395438494,0.17359451570393958,0.1765337709617808,0.17877482489378266,0.17453847079147536,0.15207499172953684,0.15895241967897691,0.15791867848340413,0.17199754102882936,0.16279127956686595,0.16074698209752264,0.6673072643948911,0.6422513662084117,0.6221523437153076,0.6178733731651217,0.6019038983376815,0.6302976491642828,0.6605060500383981,0.634937935875364,0.6144280304692832,0.6100615852230118,0.5937656475370889,0.6227398498286292,1.3723373413085938e-06,4.365086555480957e-05,1.5582640965779623e-06,1.3491511344909669e-06,1.3221303621927898e-06,1.3474623362223307e-06,1.2846787770589193e-06,4.388968149820964e-05,4.327853520711263e-05,4.4307708740234376e-05,4.341483116149902e-05,4.3363571166992186e-05
802,11,uniform,8.806121463985107,0.5501293654042477,0.5428116099200204,0.5411785661136967,0.5698594371357744,0.5459413423445754,0.5508558715071714,0.20641738462942952,0.19055238165618416,0.19304927418403656,0.18720626563000153,0.20391722654148092,0.19622850652822652,0.17940914747764747,0.1729516907817109,0.1658275603200438,0.16961790658703746,0.1777042711869117,0.17310211527067026,0.5428116099200204,0.5411785661136967,0.5698594371357744,0.5459413423445754,0.5508558715071714,0.5501293654042477,0.5334653395947057,0.531798911587912,0.5610661036530304,0.5366590529206143,0.5416740494596177,0.540932691443176,1.371165116628011e-06,0.0008413830598195393,1.5758474667867024e-06,1.3585885365804036e-06,1.3498465220133465e-06,1.2906392415364583e-06,1.2809038162231444e-06,0.0008459607760111491,0.0008387200037638347,0.0008575590451558431,0.0008290239175160726,0.0008356515566507975
803,8,distance,2.0,0.6262309936046976,0.6190285102948029,0.616569106316217,0.6260105147873173,0.6479762352823948,0.6215706013427561,0.1769912594476701,0.1849244988699733,0.17713478235006525,0.16584763921138565,0.1778747496826928,0.17655458591235743,0.15730883967924705,0.1558183053989897,0.16079007996261033,0.1574250317293367,0.1709812338133948,0.16046469811671574,0.6190285102948029,0.616569106316217,0.6260105147873173,0.6479762352823948,0.6215706013427561,0.6262309936046976,0.6112403367403525,0.6087306553380136,0.6183650738630375,0.6407798380479633,0.6138343955780424,0.6185900599134819,1.348714033762614e-06,4.2579889297485356e-05,1.5470385551452636e-06,1.339117685953776e-06,1.3003746668497721e-06,1.2949109077453614e-06,1.2621283531188965e-06,4.3057998021443684e-05,4.2551755905151366e-05,4.317601521809896e-05,4.182616869608561e-05,4.228750864664714e-05
804,12,distance,2.011824379597794,0.6186797041494378,0.6112139718600478,0.6264334619192111,0.6329457125217994,0.6003276459262971,0.6224777285198337,0.17890230968327317,0.17239026639940164,0.17446318035337807,0.19267331913065566,0.17542173728345858,0.17877016257003342,0.1642874210268661,0.1553672114497646,0.158788762516279,0.16765941058589992,0.16260819917538838,0.1617422009508396,0.6112139718600478,0.6264334619192111,0.6329457125217994,0.6003276459262971,0.6224777285198337,0.6186797041494378,0.6032660462421953,0.6187966672736072,0.6254420473604052,0.5921571719077545,0.6147600670926412,0.6108843999753206,1.7126798629760741e-06,0.0012831451098124186,3.30964724222819e-06,1.386404037475586e-06,1.3022621472676595e-06,1.2891491254170736e-06,1.275936762491862e-06,0.001323920488357544,0.0013070229689280191,0.0013046646118164062,0.0012282299995422363,0.0012518874804178875
805,8,distance,2.0,0.6234154338695651,0.6702004208992671,0.631337166183995,0.5641534288266065,0.6340350620786281,0.617351091359329,0.16323953891012818,0.18418308557980603,0.18858750252883932,0.16979871843028815,0.17644373668329325,0.176450516426471,0.1442762691495193,0.16612335742180903,0.17676215808345955,0.15638635653037875,0.16269405963807165,0.16124844016464768,0.6702004208992671,0.631337166183995,0.5641534288266065,0.6340350620786281,0.617351091359329,0.6234154338695651,0.6634583511391159,0.6238006176221687,0.5552434478145439,0.6265536664141367,0.6095286264467429,0.6157169418873416,1.3471245765686035e-06,4.258799552917481e-05,1.5487273534138998e-06,1.3376275698343913e-06,1.30613644917806e-06,1.2920300165812174e-06,1.2511014938354491e-06,4.292448361714681e-05,4.3370723724365234e-05,4.3137073516845705e-05,4.222313563028971e-05,4.128456115722656e-05
806,14,distance,2.000752592919146,0.6143774093761867,0.6170717167189365,0.6259503764730205,0.5873184575148432,0.6221019098077463,0.6194445863663867,0.1774133728212115,0.1787526227558568,0.18505917351736134,0.18220696117783072,0.18118245139690928,0.18092291633383392,0.15527731145467163,0.15429309030194768,0.16978333317624433,0.16072754673281878,0.16736819783802367,0.16148989590074123,0.6170717167189365,0.6259503764730205,0.5873184575148432,0.6221019098077463,0.6194445863663867,0.6143774093761867,0.6092435405700902,0.6183037061453822,0.578882037566254,0.6143765655448723,0.6116649186260061,0.6064941536905211,1.3820727666219074e-06,0.0013250162601470947,1.6032656033833822e-06,1.3797481854756673e-06,1.2920300165812174e-06,1.3173619906107585e-06,1.3179580370585125e-06,0.0013093896706899007,0.0013638985157012938,0.0013379343350728352,0.0013250998655954997,0.001288758913675944
807,8,distance,2.0,0.6180327079422341,0.6273235642024231,0.5952197384885292,0.6290007258116268,0.5825991828348767,0.6560203283737148,0.17157078186234534,0.18624135310043594,0.18292200179669532,0.18268661595831223,0.16575716803820176,0.17783558415119813,0.16281937837559432,0.1686472119305152,0.162532741424607,0.1713724088511528,0.14939120319619092,0.16295258875561205,0.6273235642024231,0.5952197384885292,0.6290007258116268,0.5825991828348767,0.6560203283737148,0.6180327079422341,0.6197049658556242,0.5869448438750068,0.6214164135624607,0.5740662870836306,0.6489883759724961,0.6102241772698436,1.332581043243408e-06,4.248913129170736e-05,1.5672047932942708e-06,1.2913346290588378e-06,1.275042692820231e-06,1.2689828872680664e-06,1.2603402137756347e-06,4.344900449117025e-05,4.271348317464193e-05,4.159927368164062e-05,4.233519236246745e-05,4.234870274861654e-05
808,8,distance,2.0,0.6201377184496725,0.6553246906209016,0.6146891977319449,0.6243634371004315,0.5814543169193922,0.6248569498756922,0.16883781962997604,0.17824865316749688,0.1776195419719368,0.17995943890968116,0.17953699925339422,0.17684049058649703,0.15601017321886823,0.1627333100168896,0.15824701253230322,0.1750063965585767,0.16349581941668206,0.16309854234866394,0.6553246906209016,0.6146891977319449,0.6243634371004315,0.5814543169193922,0.6248569498756922,0.6201377184496725,0.64827851734569,0.6068123159138585,0.6166843250820417,0.5728980167542008,0.6171879267044968,0.6123722203600576,1.3429721196492513e-06,4.269584019978841e-05,1.5392899513244628e-06,1.348257064819336e-06,1.2849768002827962e-06,1.2678901354471843e-06,1.2744466463724773e-06,4.3190717697143555e-05,4.32133674621582e-05,4.2221546173095704e-05,4.223227500915527e-05,4.2621294657389326e-05
809,8,distance,2.0,0.6142967706567624,0.6145492927982672,0.6123617120859395,0.6104014270589808,0.6181863621479338,0.6159850591926906,0.18308550990388886,0.16823147653684722,0.17779189044434762,0.17831856651139807,0.18299040512725143,0.17808356970474665,0.1582367166771111,0.1649021636612078,0.17089079709842783,0.16419493176432157,0.16407322445968553,0.16445956673215076,0.6145492927982672,0.6123617120859395,0.6104014270589808,0.6181863621479338,0.6159850591926906,0.6142967706567624,0.6066695509133936,0.604437249641359,0.6024368906445137,0.6103809726177383,0.6081346685799347,0.6064118664793878,1.3294219970703124e-06,4.24501895904541e-05,1.5658140182495117e-06,1.2906392415364583e-06,1.2650092442830403e-06,1.2663006782531739e-06,1.2593468030293783e-06,4.3263832728068035e-05,4.1732390721638996e-05,4.189252853393555e-05,4.203200340270996e-05,4.333019256591797e-05
810,8,distance,2.0,0.6223331282221324,0.6147198743515124,0.6098892176183224,0.6239196729734797,0.6302571257745402,0.632879750392807,0.1756848966170312,0.1842484938170109,0.16485249669263383,0.17803116047490822,0.17757029563755755,0.17607746864782833,0.15856982112337015,0.16662345490318475,0.16270256419440157,0.16334600073393285,0.16338625350932573,0.16292561889284302,0.6147198743515124,0.6098892176183224,0.6239196729734797,0.6302571257745402,0.632879750392807,0.6223331282221324,0.6068436196534173,0.6019142101420359,0.6162314891160381,0.6226984980220606,0.625374736772217,0.6146125107411538,1.331468423207601e-06,4.241140683492024e-05,1.5555818875630696e-06,1.286168893178304e-06,1.269976298014323e-06,1.2746453285217286e-06,1.2709697087605795e-06,4.282911618550618e-05,4.238605499267578e-05,4.329999287923177e-05,4.186550776163737e-05,4.167636235555013e-05
811,8,distance,2.0,0.6259617040365815,0.615360956741178,0.6543151498096681,0.6316121813386644,0.6220750511487331,0.6064451811446637,0.17798277191380027,0.16597113430076205,0.1801772522764448,0.1777093280406159,0.1724588956603993,0.17485987643840445,0.17216450172432288,0.1580077141661692,0.1606235326900836,0.1579822697096595,0.16259203448154813,0.16227401055435667,0.615360956741178,0.6543151498096681,0.6316121813386644,0.6220750511487331,0.6064451811446637,0.6259617040365815,0.6074978076455972,0.6472483385621656,0.624081254892436,0.6143491578161688,0.5983997674713009,0.6183152652775337,1.334528128306071e-06,4.2938391367594394e-05,1.5555818875630696e-06,1.285374164581299e-06,1.2724598248799642e-06,1.2743473052978515e-06,1.2848774592081707e-06,4.3636163075764976e-05,4.3007930119832354e-05,4.322091738382975e-05,4.241108894348144e-05,4.241585731506348e-05
812,6,uniform,3.8844927837292276,0.5862024456279785,0.5369762887398895,0.5905393885627699,0.625918096738124,0.5899047395337079,0.5876737145654016,0.19625564835279083,0.1931146282111088,0.170096727132368,0.18102585593179477,0.18499992176312674,0.18509855627823785,0.17562485384700507,0.17619181050109367,0.15841576132431942,0.17322971150063363,0.16485936362446907,0.16966430015950418,0.5369762887398895,0.5905393885627699,0.625918096738124,0.5899047395337079,0.5876737145654016,0.5862024456279785,0.5275107273512671,0.5821688138826221,0.6182707665181197,0.5815211907677871,0.5792445571118834,0.5777432111263359,1.4158288637797038e-06,0.0008457591533660889,1.540680726369222e-06,1.3961394627888997e-06,1.5057126681009928e-06,1.3455748558044433e-06,1.291036605834961e-06,0.000872417688369751,0.0008291920026143392,0.0008411657810211182,0.0008335693677266439,0.0008524509270985922
813,6,uniform,4.551080349814066,0.5679687427957376,0.5623266764372079,0.6064440173415587,0.5444204909320265,0.5544945056431868,0.5721580236247081,0.19316181004401045,0.18512129470515096,0.1853537807978285,0.19443236210623657,0.19090778787112,0.1897954071048693,0.17978846708601567,0.1642018042430642,0.16256699094733357,0.17523938759157537,0.17836611898891142,0.17203255377138005,0.5623266764372079,0.6064440173415587,0.5444204909320265,0.5544945056431868,0.5721580236247081,0.5679687427957376,0.5533793512536415,0.5983985798766502,0.5351071108488652,0.5453870679391293,0.5634116799850089,0.559136757980659,1.3664563496907553e-06,0.0007979422410329184,1.542667547861735e-06,1.3540188471476236e-06,1.3466676076253255e-06,1.2965003649393717e-06,1.29242738087972e-06,0.000794690450032552,0.0007997385660807292,0.000800786813100179,0.0007979325453440348,0.0007965628306070963
814,6,uniform,4.364747463845971,0.5727208747994693,0.5726173686253195,0.5491391565270389,0.5694507667035249,0.5782362269259556,0.5941608552155078,0.19861274640274754,0.19134083076991376,0.1869337998475717,0.18864003243649458,0.17915221633031156,0.1889359251574078,0.16982163702503106,0.17857479189721423,0.17465826772764992,0.17245670407515448,0.16158664762443362,0.17141960966989667,0.5726173686253195,0.5491391565270389,0.5694507667035249,0.5782362269259556,0.5941608552155078,0.5727208747994693,0.5638804153433841,0.5399222397950534,0.5606490787996787,0.5696141395718013,0.5858643139251944,0.5639860374870225,1.3718008995056153e-06,0.0008072292009989421,1.5477339426676431e-06,1.3463695844014486e-06,1.3486544291178385e-06,1.3270974159240723e-06,1.2891491254170736e-06,0.0007853102684020996,0.0008200796445210775,0.000810629924138387,0.000798951784769694,0.0008211743831634522
815,6,uniform,4.360212235614789,0.5772054449639589,0.6156543672652753,0.5379648859995032,0.5732070268500328,0.5936093109587968,0.5655916337461859,0.1747980152503881,0.2000426263013329,0.187364169811507,0.18272640621260133,0.19511443845178833,0.18800913120552354,0.16181660098902298,0.1814617637674829,0.1702713608475802,0.16840335140839596,0.17026455444527586,0.17044352629155157,0.6156543672652753,0.5379648859995032,0.5732070268500328,0.5936093109587968,0.5655916337461859,0.5772054449639589,0.607797216340545,0.528519534435609,0.5644821279099994,0.585301494487767,0.5567110538568405,0.5685622854061523,1.417378584543864e-06,0.0008178791205088297,1.5570720036824545e-06,1.4062722524007162e-06,1.5194217363993327e-06,1.309216022491455e-06,1.2949109077453614e-06,0.0008160761992136637,0.0008178842067718506,0.0008313393592834472,0.0008221205075581869,0.0008019753297170004
816,6,uniform,4.359024473221702,0.5827915848086556,0.5904354314694176,0.5741648617650608,0.600648795137074,0.5820292784795156,0.5666795571922099,0.1839400068971786,0.1855009355355395,0.18250182476274862,0.1963808267000293,0.18834930852261256,0.1873345804836217,0.16374768762418723,0.16035808308263416,0.17596832376135257,0.17090625834616885,0.17248486433298635,0.16869304342946584,0.5904354314694176,0.5741648617650608,0.600648795137074,0.5820292784795156,0.5666795571922099,0.5827915848086556,0.5820627316016714,0.5654595437772937,0.5924848863494163,0.5734847322133387,0.5578212176458837,0.5742626223175208,1.3619661331176759e-06,0.0008197943369547525,1.5668074289957681e-06,1.3322631518046061e-06,1.3270974159240723e-06,1.2991825739542643e-06,1.284480094909668e-06,0.0008334732055664063,0.0008301885922749838,0.0008172472318013509,0.0007959179083506266,0.0008221447467803955
817,6,uniform,4.358642892628877,0.5732776732483174,0.561969298685333,0.5845220565629461,0.5913008376997243,0.5207072155790272,0.607888957714556,0.19154133023248243,0.1861190171092662,0.18866834210529318,0.19361345500498298,0.1803636327843979,0.18806115544728455,0.178369970214198,0.17324226357463948,0.16422991513399782,0.180755261816815,0.1639398452228934,0.17210745119250875,0.561969298685333,0.5845220565629461,0.5913008376997243,0.5207072155790272,0.607888957714556,0.5732776732483174,0.5530146676533465,0.5760284699850166,0.5829458292710985,0.5109090666641181,0.5998730590647683,0.5645542185276696,1.403828461964925e-06,0.0008145452340443928,1.5647212664286295e-06,1.3398130734761555e-06,1.5242894490559896e-06,1.3045469919840495e-06,1.2857715288798014e-06,0.0008286507924397786,0.0008145189285278321,0.000821072260538737,0.0008100263277689615,0.0007984578609466553
818,6,uniform,4.358416875116767,0.5773843453334081,0.6057937725847299,0.5411638336052425,0.6008106802397886,0.5898019544722319,0.5493514857650477,0.18334345200969202,0.19254150627277483,0.17777708085132862,0.18875714491881215,0.19811561347273038,0.1881069595050676,0.16501211269867194,0.17606135522545532,0.16607566126293052,0.16777695515683821,0.1768378221097494,0.1703527812907291,0.6057937725847299,0.5411638336052425,0.6008106802397886,0.5898019544722319,0.5493514857650477,0.5773843453334081,0.597735042211675,0.5317838779038164,0.5926500808579784,0.5814163044784786,0.5401389096648442,0.5687448430233585,1.4414787292480467e-06,0.0008169782956441244,1.564323902130127e-06,1.3734896977742513e-06,1.593927542368571e-06,1.317461331685384e-06,1.358191172281901e-06,0.0008065648873647054,0.0008447849750518798,0.0008094278971354167,0.000835956335067749,0.0007881573836008707
819,6,uniform,5.168861410594541,0.564183218524147,0.5733650031942134,0.5791377355447751,0.5900965974549077,0.539578429524334,0.5387383269025051,0.19715041868693792,0.1845537776461651,0.18713868246556742,0.18973563470635157,0.19042253472115053,0.18980020964523453,0.1707165624815427,0.17524991072853727,0.17054702915866404,0.18331059989692777,0.17088754049897018,0.17414232855292838,0.5733650031942134,0.5791377355447751,0.5900965974549077,0.539578429524334,0.5387383269025051,0.564183218524147,0.5646433337535499,0.5705340776683481,0.5817169708270693,0.5301660635180171,0.5293087867369686,0.5552738465007906,1.36717160542806e-06,0.0007658212979634604,1.5636285146077475e-06,1.343687375386556e-06,1.3463695844014486e-06,1.295606295267741e-06,1.2865662574768067e-06,0.0007588112354278564,0.0007913819948832194,0.0007623056570688884,0.0007792083422342936,0.0007373992602030436
820,9,distance,2.0,0.625134484169339,0.6298969700277426,0.6315113132329457,0.6440578024470625,0.6048777701202743,0.6153285650186701,0.17174875876681747,0.17617996837038574,0.17256851474913149,0.1834146456774662,0.17436619168326822,0.17565561584941386,0.15997222902370029,0.15421569347274833,0.16509456327281402,0.16456318686579505,0.16582567082415695,0.16193426869184294,0.6298969700277426,0.6315113132329457,0.6440578024470625,0.6048777701202743,0.6153285650186701,0.625134484169339,0.6223309796364869,0.6239783247470775,0.6367813009638679,0.5968003139728183,0.6074647537413687,0.6174711346123238,1.4086564381917317e-06,4.4942299524943033e-05,1.5803178151448567e-06,1.3515353202819825e-06,1.4033913612365724e-06,1.362462838490804e-06,1.3455748558044433e-06,4.544178644816081e-05,4.432360331217448e-05,4.4852495193481445e-05,4.439870516459147e-05,4.5694907506306966e-05
821,8,distance,2.493497265080009,0.6090858066552015,0.6151464961774127,0.6078727214039319,0.6193153843073365,0.6107077637653425,0.5923866676219842,0.18200311665957386,0.1731798058220593,0.17923824555631834,0.1786126804068265,0.18522624086929299,0.1796520178628142,0.1645193471158273,0.15960087757257577,0.16681322764142792,0.1628552948688306,0.17210831621382522,0.1651794126824974,0.6151464961774127,0.6078727214039319,0.6193153843073365,0.6107077637653425,0.5923866676219842,0.6090858066552015,0.6072789628795063,0.5998564908363803,0.611533075298287,0.6027494897707669,0.5840538567386175,0.6010943751047118,1.453856627146403e-06,0.0010980223019917807,1.636346181233724e-06,1.4254450798034667e-06,1.5268723169962565e-06,1.3200441996256511e-06,1.3605753580729167e-06,0.001141206423441569,0.0011038335164388021,0.0010839641094207765,0.0010898824532826741,0.0010712250073750813
822,9,distance,2.0,0.6151507397269851,0.6297953845419312,0.6051952614471401,0.5939922452130546,0.6507015256052057,0.5960692818275938,0.17877852082630974,0.17948745081034936,0.17950752959473898,0.17262853581794285,0.17750435151511643,0.17758127771289148,0.15722787728374202,0.1714340060451488,0.16377298368203042,0.15858204894886757,0.17137518478513752,0.16447842014898523,0.6297953845419312,0.6051952614471401,0.5939922452130546,0.6507015256052057,0.5960692818275938,0.6151507397269851,0.6222273174456845,0.5971242957527034,0.585692257040238,0.643560841290491,0.5878117543692141,0.6072832931796662,1.3790329297383626e-06,4.440983136494954e-05,1.5613436698913574e-06,1.34428342183431e-06,1.360476016998291e-06,1.3232231140136718e-06,1.305838425954183e-06,4.422465960184733e-05,4.39767042795817e-05,4.541993141174316e-05,4.4339895248413085e-05,4.408796628316243e-05
823,5,distance,5.171280034306811,0.5647445680982637,0.5753189403356667,0.5286340523015256,0.5974880568685867,0.599743774234565,0.5225380167509741,0.1857686562823259,0.19282853267523015,0.1872693634246744,0.1839218448997413,0.19771735893884027,0.1895011512441624,0.17365815827609557,0.1818197146418578,0.16210539618450126,0.16598238521543943,0.18571633674616184,0.17385639821281118,0.5753189403356667,0.5286340523015256,0.5974880568685867,0.599743774234565,0.5225380167509741,0.5647445680982637,0.5666372150955099,0.5189979511560713,0.5892595333292734,0.5915613641678099,0.5127772947765477,0.5558466717050425,1.3726353645324707e-06,0.0007345224221547445,1.5986959139506021e-06,1.3465682665506998e-06,1.2926260630289714e-06,1.3372302055358886e-06,1.2880563735961914e-06,0.0007606677214304606,0.0007142627239227295,0.0007355697949727376,0.0007273463408152262,0.0007347655296325683
824,8,distance,2.0,0.6187248580027033,0.5995072851220838,0.6405198073632989,0.6653122112156571,0.6116307044086849,0.5766542819037916,0.18140208293668444,0.16912868224449487,0.17261884363580227,0.18461674643585704,0.17781718196987079,0.1771167074445419,0.1703706007191345,0.16054469091756232,0.14626644778275427,0.1656282867166502,0.17372385980582772,0.16330677718838582,0.5995072851220838,0.6405198073632989,0.6653122112156571,0.6116307044086849,0.5766542819037916,0.6187248580027033,0.5913200405249204,0.6331709788937241,0.658470212126369,0.6036912980252168,0.567999854958043,0.6109304769056546,1.4036297798156738e-06,4.4553041458129876e-05,1.5662113825480144e-06,1.4241536458333334e-06,1.4224648475646972e-06,1.3100107510884602e-06,1.2953082720438639e-06,4.541754722595215e-05,4.6199560165405275e-05,4.5355558395385745e-05,4.298647244771322e-05,4.280606905619303e-05
825,12,distance,2.0202393469055746,0.6192700076133314,0.6169399220020193,0.64900059238719,0.5930069096888255,0.6174538145158217,0.6199487994728003,0.1866409374613063,0.16991327967662184,0.18715032170170873,0.17691969355030684,0.17095624648459037,0.1783160957749068,0.16302649671205915,0.15580368963021043,0.1689349384482641,0.1611119392298931,0.16074217539594687,0.16192384788327474,0.6169399220020193,0.64900059238719,0.5930069096888255,0.6174538145158217,0.6199487994728003,0.6192700076133314,0.6091090515829805,0.6418251360135039,0.5846867783707095,0.6096334495655489,0.6121794393257367,0.6114867709716959,1.3802250226338704e-06,0.0012965918382008869,1.6930699348449708e-06,1.3415018717447917e-06,1.3267000516255696e-06,1.2843807538350422e-06,1.2554725011189778e-06,0.0012981096903483074,0.0013286542892456054,0.001298588514328003,0.0012824185689290365,0.001275188128153483
826,8,distance,2.0,0.6228082619154565,0.5668157908722561,0.6000147227926695,0.6550493080232858,0.6543295779352889,0.6378319099537817,0.18527761540861046,0.18398346303250948,0.15874777558823558,0.17392704577981935,0.18064642223540653,0.17651646440891627,0.17919010336609886,0.16072060450628273,0.15290810259569396,0.15461156440721538,0.16096712108104044,0.16167949919126628,0.5668157908722561,0.6000147227926695,0.6550493080232858,0.6543295779352889,0.6378319099537817,0.6228082619154565,0.5579602363415356,0.5918378517083629,0.6479975051208657,0.6472630616409507,0.6304281329852048,0.615097357559384,1.3843774795532228e-06,4.3356895446777345e-05,1.615285873413086e-06,1.3423959414164226e-06,1.3313690821329752e-06,1.3217329978942872e-06,1.3111035029093424e-06,4.356702168782552e-05,4.323720932006836e-05,4.3843189875284834e-05,4.3144623438517254e-05,4.299243291219075e-05
827,8,distance,2.0,0.6217220886179892,0.6048274177149271,0.6627162820069341,0.6101250417155276,0.6417048522485558,0.589236849404001,0.18583911084614047,0.1656594735897134,0.17958797087102402,0.1757587367260239,0.18058306116547887,0.17748567063967613,0.17228523138555257,0.14863158782596503,0.16644509862931256,0.15084511401204598,0.17049988036272073,0.16174138244311936,0.6048274177149271,0.6627162820069341,0.6101250417155276,0.6417048522485558,0.589236849404001,0.6217220886179892,0.5967489322167654,0.6558212145181491,0.6021548551747888,0.6343802495687989,0.5808396470068085,0.6139889796970621,1.3622045516967773e-06,4.356543223063151e-05,1.5353163083394368e-06,1.3401110967000326e-06,1.3100107510884602e-06,1.3009707132975261e-06,1.324613889058431e-06,4.4495662053426106e-05,4.359841346740723e-05,4.367947578430176e-05,4.277547200520833e-05,4.327813784281413e-05
828,12,distance,2.0192518672722235,0.6210543729727268,0.6415111512960758,0.6234670927385588,0.6184751238797567,0.5978714412790351,0.6239470556702078,0.17167917253817222,0.1827901122025424,0.17971133973875975,0.18092063288301627,0.17956586964488733,0.17893342540147558,0.1539288233328679,0.1612010073462153,0.1638111839251242,0.15580883085481276,0.16678383323628226,0.16030673573906049,0.6415111512960758,0.6234670927385588,0.6184751238797567,0.5978714412790351,0.6239470556702078,0.6210543729727268,0.6341825888012766,0.615769656814986,0.6106756374854757,0.5896507552404464,0.6162594315953228,0.6133076139875016,1.3821125030517577e-06,0.0012902735074361165,1.6974409421284993e-06,1.339415709177653e-06,1.33514404296875e-06,1.2859702110290527e-06,1.252591609954834e-06,0.0013241211573282877,0.0012804182370503743,0.0012787723541259767,0.0013098947207132975,0.0012581610679626464
829,8,distance,2.0,0.6287631881886446,0.6090604867416689,0.5993361065489726,0.6507123830752439,0.6213833150855732,0.6633236494917645,0.1819893997250767,0.17639227518326242,0.17281039447387717,0.17686569565412363,0.16931165970825632,0.17547388494891927,0.16824092703708457,0.16027635685716887,0.16348576534651754,0.1585060810440877,0.15127391932253165,0.16035660992147807,0.6090604867416689,0.5993361065489726,0.6507123830752439,0.6213833150855732,0.6633236494917645,0.6287631881886446,0.6010685375779552,0.5911453625601952,0.6435719207190309,0.6136432806409853,0.6564409983740493,0.6211740199744431,1.350382963816325e-06,4.356956481933593e-05,1.5329321225484212e-06,1.322925090789795e-06,1.2806057929992675e-06,1.2909372647603354e-06,1.3245145479838054e-06,4.411856333414713e-05,4.363298416137695e-05,4.303296407063802e-05,4.3495893478393555e-05,4.356741905212403e-05
830,8,distance,2.0,0.623161505909066,0.6090148035088307,0.5794296438992195,0.6284675793467384,0.6714623999562948,0.6274331028342475,0.18297105851074658,0.1856634111078045,0.17456729874694324,0.16316661598165785,0.17787123019271936,0.1768479229079743,0.16863092095286114,0.17114826421939708,0.15612403246918263,0.15031230401278856,0.16139662994010084,0.16152243031886604,0.6090148035088307,0.5794296438992195,0.6284675793467384,0.6714623999562948,0.6274331028342475,0.623161505909066,0.6010219204459789,0.5708319534848935,0.620872368021629,0.6647461287458613,0.6198167437780481,0.6154578228952822,1.3551513353983561e-06,4.336214065551757e-05,1.5445550282796224e-06,1.3350447018941244e-06,1.2749433517456055e-06,1.2829899787902831e-06,1.3382236162821453e-06,4.419406255086263e-05,4.2745669682820636e-05,4.347999890645345e-05,4.376570383707682e-05,4.262526830037435e-05
831,8,distance,2.0,0.618690634704045,0.6305341148958921,0.614374824141064,0.6483554029442024,0.5925836341753589,0.6076051973637075,0.17463117065262787,0.17443566371427136,0.17466501878750812,0.18780775170717193,0.17756659102463399,0.17782123917724263,0.15706642014929356,0.16122417723054186,0.15949452220381852,0.1749562850090112,0.16026201899243595,0.16260068471702022,0.6305341148958921,0.614374824141064,0.6483554029442024,0.5925836341753589,0.6076051973637075,0.618690634704045,0.6229811496126735,0.6064915156056173,0.6411667570077977,0.5842548498654854,0.5995834978208872,0.6108955539824922,1.3883908589680987e-06,4.4107516606648766e-05,1.6398231188456217e-06,1.4217694600423176e-06,1.3170639673868816e-06,1.3076265652974446e-06,1.2556711832682292e-06,4.672010739644369e-05,4.620512326558431e-05,4.330078760782878e-05,4.256049791971842e-05,4.175106684366862e-05
832,8,distance,2.0,0.6260757958629831,0.6405974252325226,0.5992404352946743,0.6288542761204247,0.6421931163418472,0.6194937263254472,0.16861293250169127,0.18816475445051503,0.17457519561449739,0.16818683062544462,0.1786295879034744,0.17563386021912453,0.15896151751865678,0.17023839320083187,0.15905775473041572,0.1561261495007785,0.16371811696655594,0.16162038638344775,0.6405974252325226,0.5992404352946743,0.6288542761204247,0.6421931163418472,0.6194937263254472,0.6260757958629831,0.633250183499627,0.5910477355051276,0.6212669700104504,0.6348784952108457,0.6117150631498175,0.6184316894751737,1.3492107391357424e-06,4.367605845133464e-05,1.5280644098917643e-06,1.3271967569986979e-06,1.3068318367004395e-06,1.2880563735961914e-06,1.2959043184916179e-06,4.360397656758626e-05,4.3179194132486976e-05,4.386146863301595e-05,4.437565803527832e-05,4.3359994888305666e-05
833,8,distance,2.0,0.6205534707539738,0.6356819187472934,0.6762156524519487,0.6089962594852595,0.5850609367920916,0.5968125862932755,0.17725509507722975,0.16508454793571536,0.1753718605066015,0.1865946064693369,0.17969820414182938,0.17680086282614257,0.16288671958490197,0.15223378522365663,0.1620048129124616,0.1744965017048408,0.16194582714970268,0.16271352931511274,0.6356819187472934,0.6762156524519487,0.6089962594852595,0.5850609367920916,0.5968125862932755,0.6205534707539738,0.6282341896586521,0.669596551650285,0.6010029973282289,0.5765783665050475,0.5885702541561704,0.6127964718596768,1.8723011016845703e-06,4.362813631693522e-05,4.192094008127848e-06,1.3279914855957032e-06,1.2979904810587565e-06,1.2556711832682292e-06,1.2877583503723145e-06,4.760106404622396e-05,4.361351331075033e-05,4.247744878133138e-05,4.296382268269857e-05,4.1484832763671875e-05
834,8,distance,2.0,0.6237890933248588,0.5949939640885143,0.6036950173214541,0.6399433817512787,0.6331532289470081,0.6471598745160385,0.18131725626931394,0.1859971750581763,0.16405201944405484,0.17231542464132435,0.1766386073826857,0.176064096559111,0.1685307346705869,0.1699668514150247,0.15486100179984338,0.15776923207006519,0.15769708483358386,0.16176498095782083,0.5949939640885143,0.6036950173214541,0.6399433817512787,0.6331532289470081,0.6471598745160385,0.6237890933248588,0.586714453984702,0.5955933822411432,0.6325827694531788,0.6256538060294001,0.6399467884754806,0.6160982400367809,1.6680359840393068e-06,4.4163306554158533e-05,3.199179967244466e-06,1.3335545857747397e-06,1.293321450551351e-06,1.2505054473876953e-06,1.2636184692382812e-06,5.019545555114746e-05,4.3474435806274414e-05,4.183808962504069e-05,4.233717918395996e-05,4.297137260437012e-05
835,12,distance,2.0095289564517955,0.6219317471063011,0.6638047434552257,0.579694248641512,0.6096881542332773,0.6303628575054601,0.6261087316960298,0.1661365856572543,0.18834673079632153,0.17670253270392108,0.17349028229437835,0.18298827909730392,0.1775328821098358,0.14925208931565923,0.18039058258368187,0.1652896157631256,0.15382996164417803,0.15822557794571318,0.16139756545047157,0.6638047434552257,0.579694248641512,0.6096881542332773,0.6303628575054601,0.6261087316960298,0.6219317471063011,0.6569319273078027,0.5711019675234509,0.6017090364322539,0.6228063912193706,0.6184652986131547,0.6142029242192065,1.3840397198994954e-06,0.0012981300354003905,1.5848875045776367e-06,1.3477603594462078e-06,1.3406078020731608e-06,1.34199857711792e-06,1.3049443562825521e-06,0.0013339678446451823,0.0012976197401682536,0.0013120655218760173,0.0012948151429494222,0.0012521819273630778
836,13,distance,2.0105672520838658,0.6185960397685429,0.6271614127837187,0.6309869171696526,0.6304109779723251,0.5916392785753724,0.6127816123416459,0.1799592102357784,0.17854731884186195,0.17736185648771594,0.18151939998880343,0.17794633048601793,0.17906682320803552,0.16361650607618233,0.16009012929098074,0.1563954728419553,0.1642785020222805,0.16239637636877077,0.16135539732003396,0.6271614127837187,0.6309869171696526,0.6304109779723251,0.5916392785753724,0.6127816123416459,0.6185960397685429,0.6195394995867931,0.6234432084916898,0.6228554954095789,0.5832911888699286,0.6048657338886642,0.6107990252493309,1.3798475265502929e-06,0.0013091323375701905,1.6860167185465494e-06,1.3370315233866375e-06,1.3264020284016927e-06,1.2831886609395345e-06,1.2665987014770508e-06,0.0013076082865397136,0.001350041627883911,0.001311046282450358,0.001311190128326416,0.0012657753626505535
837,12,distance,2.0023605612830506,0.6090055786305396,0.5817108892354803,0.5886651586725581,0.6233688176915884,0.6419923930556442,0.6092906344974273,0.19067782394576735,0.17794557099007471,0.1765596758961412,0.17642216158864307,0.18156501750858403,0.18063404998584207,0.17318018113467032,0.1603088281716316,0.16370439955492402,0.16114821722154318,0.1615604467020963,0.16398041455697307,0.5817108892354803,0.5886651586725581,0.6233688176915884,0.6419923930556442,0.6092906344974273,0.6090055786305396,0.573159834160226,0.5802562692416734,0.6156693727380944,0.6346736685525227,0.6013033902282094,0.6010125069841452,1.6925136248270669e-06,0.0012979110081990561,2.9178460439046224e-06,1.402894655863444e-06,1.5026330947875977e-06,1.3407071431477864e-06,1.2984871864318848e-06,0.0013283220926920572,0.0013022911548614502,0.0013106942176818847,0.001268916130065918,0.0012793314456939697
838,8,distance,2.0,0.6212359181467846,0.6082530749777675,0.6343038291896181,0.6189372389853209,0.6312656155739339,0.6134198320072825,0.18399502308223434,0.172932838638691,0.18094761484614494,0.17003534766657635,0.1769033163516305,0.1769628281170554,0.16992923665645665,0.16033165753055878,0.16151976659841397,0.1551527649221582,0.16558956624234417,0.16250459838998635,0.6082530749777675,0.6343038291896181,0.6189372389853209,0.6312656155739339,0.6134198320072825,0.6212359181467846,0.6002446199517593,0.6268279279124043,0.6111471995778658,0.6237276043079837,0.6055170006343479,0.6134928704768722,1.3566811879475911e-06,4.3448527654012045e-05,1.5363097190856933e-06,1.2996792793273926e-06,1.2926260630289714e-06,1.3269980748494465e-06,1.3277928034464519e-06,4.315336545308431e-05,4.3781598409016925e-05,4.372119903564453e-05,4.34410572052002e-05,4.314541816711426e-05
839,8,distance,2.0,0.6287887944948032,0.6040479293964733,0.6209341085302512,0.6382493566287264,0.6482767815809678,0.6324357963375975,0.1884490564892247,0.17284413023319758,0.17467811355237595,0.16575119742825956,0.17259070381254585,0.17486264030312074,0.17111539324890293,0.1651646291484113,0.15589463576371884,0.15510644635987844,0.15842409778213404,0.16114104046060912,0.6040479293964733,0.6209341085302512,0.6382493566287264,0.6482767815809678,0.6324357963375975,0.6287887944948032,0.5959535088730622,0.6131848909874285,0.6308541134933682,0.6410865283935259,0.6249217069952656,0.6212001497485301,1.3519922892252604e-06,4.3308258056640624e-05,1.5404820442199706e-06,1.291831334431966e-06,1.2963016827901205e-06,1.2871623039245605e-06,1.3441840807596842e-06,4.316329956054687e-05,4.312594731648763e-05,4.341880480448405e-05,4.367947578430176e-05,4.315376281738281e-05
840,9,distance,2.0,0.6179334891845061,0.6482936609467803,0.6022057454377063,0.6061217701265683,0.6188668789438478,0.6141793904676283,0.17228207903351028,0.177874481404058,0.17615148305824202,0.17962836286083383,0.18310593013437476,0.1778084672982038,0.16116851028600687,0.16416887449246256,0.16549063786947787,0.1628231982926006,0.16214672997750446,0.16315959018361045,0.6482936609467803,0.6022057454377063,0.6061217701265683,0.6188668789438478,0.6141793904676283,0.6179334891845061,0.6411037528230348,0.5940736652762966,0.5980697449843517,0.6110754011709794,0.6062920866952459,0.6101229301899816,1.3937751452128092e-06,4.353849093119304e-05,1.5773375829060873e-06,1.3503432273864747e-06,1.3770659764607746e-06,1.3312697410583497e-06,1.3328591982523601e-06,4.45715586344401e-05,4.390557607014974e-05,4.303574562072754e-05,4.303852717081706e-05,4.314104715983073e-05
841,9,distance,2.0,0.6182575231848391,0.6222041405946607,0.6164146920527198,0.6233244033095041,0.648929149978295,0.5804152299890153,0.18028557000063242,0.18627536675740994,0.17894639197320927,0.16902244440071865,0.17653656173437868,0.1782132669732698,0.16516634615043752,0.16215485737337432,0.1531710279416477,0.15336838500389516,0.17749580157934333,0.16227128360973958,0.6222041405946607,0.6164146920527198,0.6233244033095041,0.648929149978295,0.5804152299890153,0.6182575231848391,0.6144808862286231,0.6085730843945131,0.6156240503958994,0.6417522331124339,0.5718376878422831,0.6104535883947506,1.3371507326761882e-06,4.3128093083699546e-05,1.5450517336527507e-06,1.268784205118815e-06,1.2967983881632488e-06,1.276532808939616e-06,1.2985865275065103e-06,4.2906602223714194e-05,4.3340126673380534e-05,4.343390464782715e-05,4.249850908915202e-05,4.3461322784423826e-05
842,9,distance,2.0,0.6219379934828214,0.6458972293748955,0.6303064649634604,0.619864223885598,0.5959074250155051,0.6177146241746478,0.16718661899281384,0.1741193112629324,0.1783396421775591,0.1883914218737523,0.17371407002019748,0.17635021286545102,0.15534665554086738,0.1560892013561593,0.16532951072901117,0.17379575893713056,0.16469798501069413,0.1630518223147725,0.6458972293748955,0.6303064649634604,0.619864223885598,0.5959074250155051,0.6177146241746478,0.6219379934828214,0.6386583311679086,0.6227488458485737,0.6120931347657125,0.5876465887296211,0.6098995909380137,0.6142092982899658,1.3350844383239747e-06,4.318340619405111e-05,1.5493233998616536e-06,1.276532808939616e-06,1.2570619583129883e-06,1.26798947652181e-06,1.3245145479838054e-06,4.4750372568766274e-05,4.280845324198405e-05,4.224419593811035e-05,4.3190717697143555e-05,4.29232915242513e-05
843,9,distance,2.0,0.6181367584114369,0.6038619887978788,0.6362167952999571,0.6175979510677113,0.6013762203758819,0.6316308365157558,0.1857613902304811,0.17048526150538337,0.17740894797614226,0.1848789519124263,0.17139091742691903,0.17798509381027042,0.1671158659196908,0.1622806470387782,0.16466827383522192,0.17000592594757913,0.15111234310679764,0.16303661116961354,0.6038619887978788,0.6362167952999571,0.6175979510677113,0.6013762203758819,0.6316308365157558,0.6181367584114369,0.5957637671037979,0.6287800006553226,0.6097805326909014,0.5932271822915729,0.6241002914360098,0.6103303548355209,1.3532638549804688e-06,4.310297966003418e-05,1.5334288279215495e-06,1.3104081153869629e-06,1.358191172281901e-06,1.2932221094767252e-06,1.271069049835205e-06,4.3716033299763994e-05,4.290938377380371e-05,4.237612088521322e-05,4.314184188842773e-05,4.337151845296224e-05
844,9,distance,2.0,0.6197175486340297,0.6123038116513941,0.6152937189163004,0.6283546113038019,0.6165799562831518,0.6260556450155006,0.1889434195655935,0.168833656305521,0.1705563244087722,0.185495468555093,0.17044893784032042,0.17685556133506003,0.1714141033551455,0.15884340167721303,0.16289902067927692,0.1629496075436763,0.16092981670770048,0.16340718999260245,0.6123038116513941,0.6152937189163004,0.6283546113038019,0.6165799562831518,0.6260556450155006,0.6197175486340297,0.6043781655522744,0.6074291952825621,0.6207570905808812,0.6087417271100646,0.6184111266853234,0.6119434610422212,1.3331770896911622e-06,4.305545488993327e-05,1.5419721603393555e-06,1.2919306755065918e-06,1.2570619583129883e-06,1.2843807538350422e-06,1.2905399004618327e-06,4.3915907541910805e-05,4.22819455464681e-05,4.296501477559408e-05,4.311323165893555e-05,4.3001174926757816e-05
845,10,uniform,3.520520451616019,0.5855305573467667,0.5662293194780181,0.6051943452664169,0.5444095899793133,0.5833711973338755,0.6284483346762102,0.18431336214754993,0.1768383816158833,0.18851985188666598,0.19311037895726577,0.1833990883767884,0.1852362125968307,0.16875544970598977,0.16039675823691832,0.17773201307570038,0.1788458682486623,0.16153180557844352,0.16945237896914286,0.5662293194780181,0.6051943452664169,0.5444095899793133,0.5833711973338755,0.6284483346762102,0.5855305573467667,0.5573617757535483,0.5971233608425617,0.5350959870487371,0.5748540838211098,0.6208527299336455,0.5770575874799204,1.339594523111979e-06,0.0009772751331329345,1.5411774317423502e-06,1.3375282287597657e-06,1.3431906700134277e-06,1.2494126955668131e-06,1.226663589477539e-06,0.0010035796960194906,0.0009921093781789143,0.0009721283117930094,0.0009477818012237548,0.0009707764784495036
846,6,distance,8.18647592880146,0.5606391634418575,0.5490966167151081,0.5812888016853508,0.5762677236372857,0.5658077338092633,0.5307349413622793,0.18882384365450017,0.19536073588202515,0.1910870911106203,0.18944448419765478,0.1946052357498614,0.19186427811893236,0.1793384900450085,0.17186170194100922,0.16888413192380583,0.16584689280456244,0.18209242494356778,0.17360472833159074,0.5490966167151081,0.5812888016853508,0.5762677236372857,0.5658077338092633,0.5307349413622793,0.5606391634418575,0.5398788303447185,0.5727291179037907,0.5676053943078947,0.5569315716384136,0.5211417885451539,0.5516573405479942,1.3480782508850098e-06,0.0006995775699615478,1.5566746393839519e-06,1.352528731028239e-06,1.2996792793273926e-06,1.2854735056559245e-06,1.246035099029541e-06,0.0007109347979227702,0.0007194364070892334,0.000708606243133545,0.0006755626201629638,0.0006833477814992269
847,9,distance,2.0,0.6248853245353548,0.6423139246506637,0.6278721731553969,0.6375288175036493,0.6424081545675772,0.5743035527994871,0.17223846252798983,0.177827366889015,0.17193430800203202,0.16899966148215506,0.19203933682227897,0.17660782714469417,0.1573738985737212,0.16536474408673935,0.15385373929607646,0.1520276606147276,0.1759773894781561,0.16091948640988413,0.6423139246506637,0.6278721731553969,0.6375288175036493,0.6424081545675772,0.5743035527994871,0.6248853245353548,0.6350017731954813,0.6202647899831051,0.6301188444372844,0.6350979294480046,0.5656010700628498,0.6172168814253449,1.3627012570699057e-06,4.370347658793132e-05,1.572569211324056e-06,1.3816356658935547e-06,1.333157221476237e-06,1.2607375780741374e-06,1.265406608581543e-06,4.421830177307129e-05,4.422545433044434e-05,4.388610521952311e-05,4.3196678161621095e-05,4.2990843454996744e-05
848,10,uniform,2.004396807357973,0.612757637013553,0.646170681697392,0.5929191664523799,0.5946941095259725,0.6047536577365126,0.6252505696555086,0.17649501017902358,0.18449212619850433,0.1862293483747109,0.1774609696593983,0.174705908334796,0.17987667254928658,0.15351201246649848,0.16714162969962515,0.1640211718811759,0.16834481069085527,0.16030096473072547,0.16266411789377605,0.646170681697392,0.5929191664523799,0.5946941095259725,0.6047536577365126,0.6252505696555086,0.612757637013553,0.6389373736571342,0.5845972414054097,0.5864084695162819,0.5966736643682641,0.617589593225979,0.6048412684346138,1.3440450032552083e-06,0.001232131322224935,1.598199208577474e-06,1.343687375386556e-06,1.2843807538350422e-06,1.2492140134175618e-06,1.2447436650594075e-06,0.0012755401929219563,0.0012639300028483072,0.0012308990955352784,0.0011881629625956217,0.0012021243572235107
849,10,uniform,2.000881855440338,0.6184335574393002,0.6070732282354634,0.6218495964141855,0.6288500439684659,0.6246118112446367,0.6097831073337494,0.1850628495674673,0.17771986654813907,0.1786797474863103,0.17433314648226308,0.18102738048371256,0.17936459811357847,0.1668595489369252,0.1633533904345504,0.1561422028610114,0.15604635011318055,0.16474971055993196,0.1614302405811199,0.6070732282354634,0.6218495964141855,0.6288500439684659,0.6246118112446367,0.6097831073337494,0.6184335574393002,0.5990406536849107,0.6141190941262302,0.6212626513409047,0.6169377767215287,0.6018059306523269,0.6106332213051803,1.3510783513387045e-06,0.001232225735982259,1.6161799430847167e-06,1.3181567192077636e-06,1.3007720311482748e-06,1.2539823849995931e-06,1.2663006782531739e-06,0.0012672873338063558,0.0012328239281972249,0.0012342635790507,0.0012295003732045492,0.001197253465652466
850,9,distance,2.0,0.6194627965519013,0.6219569709805399,0.6291180316364646,0.6423703178615363,0.625880533711527,0.5779881285694387,0.17673274609028122,0.17846115475734312,0.17534706007490744,0.1717631175330246,0.17902524951381532,0.17626586559387433,0.16005745541829375,0.16602407887481757,0.1590309986686082,0.15999656134732232,0.1746552452589663,0.1639528679136016,0.6219569709805399,0.6291180316364646,0.6423703178615363,0.625880533711527,0.5779881285694387,0.6194627965519013,0.6142286637433448,0.6215361174620824,0.635059319248825,0.6182324355931936,0.5693609693579111,0.6116835010810714,1.3614296913146971e-06,4.414590199788411e-05,1.5354156494140626e-06,1.3517340024312338e-06,1.386106014251709e-06,1.2763341267903646e-06,1.2575586636861165e-06,4.581332206726074e-05,4.509449005126953e-05,4.3687820434570315e-05,4.3248335520426434e-05,4.2885541915893555e-05
851,9,distance,2.0,0.6190970236909648,0.6069216872714474,0.6111637603657107,0.6368142099375844,0.6367231386262272,0.603862322253854,0.18697351524972455,0.17385192228568125,0.17878951753549513,0.17671678336949007,0.17211073094536034,0.17768849387715027,0.16950060957887378,0.15782147107340666,0.15893594107340495,0.15761039897446455,0.1694331774178483,0.16266031962359967,0.6069216872714474,0.6111637603657107,0.6368142099375844,0.6367231386262272,0.603862322253854,0.6190970236909648,0.5988860147795518,0.6032148082777866,0.6293896281986594,0.6292966951228451,0.5957641073765902,0.6113102507510867,1.3365546862284342e-06,4.336818059285482e-05,1.5498201052347818e-06,1.2787183125813802e-06,1.3018647829691568e-06,1.2584527333577474e-06,1.2939174969991047e-06,4.432956377665202e-05,4.275004069010417e-05,4.3489933013916015e-05,4.299402236938477e-05,4.3277343114217125e-05
852,9,distance,2.0,0.6114161618699907,0.6099987928947009,0.6357476850725594,0.5918182334130133,0.6217551231232051,0.5977609748464747,0.17095000903379667,0.18009463436547327,0.18711284718112803,0.18440588071591477,0.1739847920068649,0.17930963266063554,0.16621698761829537,0.1620612222682825,0.1721242069468368,0.1572990380777095,0.1639043784501354,0.1643211666722519,0.6099987928947009,0.6357476850725594,0.5918182334130133,0.6217551231232051,0.5977609748464747,0.6114161618699907,0.602026025458136,0.628301300440312,0.5834738020688159,0.614022689524361,0.5895380305503208,0.603472369608389,1.3387600580851238e-06,4.342611630757649e-05,1.5343228975931804e-06,1.3290842374165852e-06,1.2920300165812174e-06,1.2550751368204754e-06,1.2832880020141602e-06,4.381855328877767e-05,4.3645302454630534e-05,4.2167901992797854e-05,4.37315305074056e-05,4.376729329427083e-05
853,9,distance,2.0,0.623001444945964,0.6335913074723483,0.6255430857477624,0.6223793944066713,0.6110033737173958,0.6224900633856421,0.1742636084949434,0.16823167938449785,0.18451356089989962,0.1889848598422339,0.16842275235563486,0.17688329219544194,0.15689553810369583,0.161146502186024,0.16296379846738512,0.16848747352017512,0.1599137344908049,0.161881409353617,0.6335913074723483,0.6255430857477624,0.6223793944066713,0.6110033737173958,0.6224900633856421,0.623001444945964,0.6261008401634355,0.6178880892042755,0.6146597227420718,0.6030511428564226,0.6147726541192498,0.6152944898170911,1.318037509918213e-06,4.3384234110514317e-05,1.515348752339681e-06,1.265108585357666e-06,1.2572606404622396e-06,1.2718637784322104e-06,1.2806057929992675e-06,4.3564637502034504e-05,4.281401634216308e-05,4.378954569498698e-05,4.311283429463705e-05,4.364013671875e-05
854,9,distance,2.0,0.6205627546461515,0.6351579696266649,0.6243801369329895,0.5899509554650626,0.6170237700254296,0.6363009411806108,0.17915390719786728,0.1740263709166071,0.18532527325873496,0.17974224958838195,0.16691234237773003,0.17703202866786424,0.15719954417602908,0.16199598314499786,0.17402832686382627,0.16240949937652796,0.1567885687498706,0.16248438446225036,0.6351579696266649,0.6243801369329895,0.5899509554650626,0.6170237700254296,0.6363009411806108,0.6205627546461515,0.6276995294827467,0.6167013663081102,0.5815683514881984,0.609194613705677,0.628865866724337,0.6128059455418138,1.3234217961629234e-06,4.325278600056966e-05,1.5066067377726237e-06,1.2617309888203939e-06,1.3049443562825521e-06,1.2709697087605795e-06,1.2728571891784668e-06,4.3795108795166015e-05,4.3384631474812826e-05,4.343589146931966e-05,4.2841434478759765e-05,4.2806863784790036e-05
855,9,distance,2.0,0.6297454876418433,0.6535379671255573,0.6428541629633114,0.5940269608179585,0.6286705668922447,0.629637780410145,0.16588413952442216,0.17303832434631872,0.18313525523965613,0.17503159597916612,0.18010132378878813,0.17543812777567025,0.15422879259397224,0.15965548411004282,0.171039679186299,0.1616416669046589,0.1522717050296102,0.15976746556491664,0.6535379671255573,0.6428541629633114,0.5940269608179585,0.6286705668922447,0.629637780410145,0.6297454876418433,0.6464552679867271,0.6355530555622206,0.5857276823338282,0.6210795052273501,0.6220664914236402,0.6221764005067534,1.3243556022644044e-06,4.343318939208984e-05,1.5070041020711264e-06,1.2747446695963542e-06,1.2646118799845377e-06,1.2840827306111653e-06,1.2913346290588378e-06,4.31974728902181e-05,4.253705342610677e-05,4.3921868006388346e-05,4.3989022572835286e-05,4.3520530064900715e-05
856,9,distance,2.0,0.6255704109922855,0.6141883502823264,0.6054551034096987,0.6231448378689386,0.6584318712112185,0.6266318921892448,0.17566963678833436,0.17693454684620058,0.17988316542106975,0.17354121509121523,0.1745077173538407,0.17610725630013213,0.16268562291618385,0.1630387145307997,0.15993883241374243,0.15957804601596592,0.16115269631255147,0.16127878243784868,0.6141883502823264,0.6054551034096987,0.6231448378689386,0.6584318712112185,0.6266318921892448,0.6255704109922855,0.60630122967481,0.5973894496463534,0.6154408141115745,0.6514492178117886,0.6189991540397914,0.6179159730568635,1.3388792673746745e-06,4.318682352701823e-05,1.5237927436828614e-06,1.2945135434468587e-06,1.282791296641032e-06,1.2949109077453614e-06,1.2983878453572592e-06,4.350860913594564e-05,4.208008448282878e-05,4.3121973673502606e-05,4.3791532516479495e-05,4.343191782633463e-05
857,9,distance,2.0,0.6255177358610656,0.6497618772207316,0.6330322262472454,0.5985301642514524,0.6250683605714071,0.6211960510144917,0.17140092147041133,0.16749033721208353,0.18730717106371164,0.17611594152086674,0.1773314444555216,0.17592916314451898,0.15330289566719849,0.15592770413355878,0.17127741238909072,0.16265900552456977,0.1659433942387616,0.16182208239063586,0.6497618772207316,0.6330322262472454,0.5985301642514524,0.6250683605714071,0.6211960510144917,0.6255177358610656,0.6426019837397244,0.6255303296798977,0.5903229444405793,0.617403659254298,0.6134521883435784,0.6178622210916156,1.3300180435180664e-06,4.339949289957682e-05,1.547833283742269e-06,1.278221607208252e-06,1.2664993604024252e-06,1.2683868408203126e-06,1.2891491254170736e-06,4.4128894805908204e-05,4.28926944732666e-05,4.3320655822753904e-05,4.258354504903157e-05,4.407167434692383e-05
858,9,distance,2.0,0.6242137418597349,0.613377884399776,0.5858729067246211,0.6380736550342734,0.6508831047248445,0.6328611584151596,0.18001167299955795,0.18416256583273286,0.17371318518395948,0.16785027242998302,0.17873040278419217,0.17689361984608512,0.16629356376410429,0.1714915417573437,0.15317422147109722,0.15337518945538323,0.1616099117596769,0.16118888564152106,0.613377884399776,0.5858729067246211,0.6380736550342734,0.6508831047248445,0.6328611584151596,0.6242137418597349,0.6054741954948311,0.5774069354821942,0.630674820043492,0.6437461324193898,0.6253557647200692,0.6165315696319953,1.3174613316853842e-06,4.328465461730957e-05,1.5390912691752115e-06,1.2732545534769695e-06,1.2562672297159832e-06,1.2520949045817058e-06,1.2665987014770508e-06,4.389762878417969e-05,4.285017649332682e-05,4.3426752090454104e-05,4.3058395385742186e-05,4.319032033284505e-05
859,9,distance,2.0,0.6265779242277878,0.639003811666423,0.5999475485642602,0.6432503957359841,0.6294071516957382,0.6212807134765337,0.1761052676848818,0.18427874105347447,0.1747979562439681,0.17793697364766176,0.16819909231218083,0.17626360618843337,0.1612054865516834,0.16520109679796136,0.15670737990778721,0.15958155349382724,0.15905667539159044,0.16035043842856994,0.639003811666423,0.5999475485642602,0.6432503957359841,0.6294071516957382,0.6212807134765337,0.6265779242277878,0.6316239918027042,0.5917693042418941,0.6359573884937896,0.6218311479825336,0.6135385815544185,0.618944082815068,1.327355702718099e-06,4.2804876963297525e-05,1.5021363894144695e-06,1.2672940889994303e-06,1.3064344724019368e-06,1.2804071108500162e-06,1.280506451924642e-06,4.312753677368164e-05,4.2711496353149417e-05,4.251837730407715e-05,4.295825958251953e-05,4.2708714803059894e-05
860,6,distance,8.62803358945174,0.5460584503984799,0.5553150004157017,0.5304277806529536,0.5587442603851979,0.5237106748860187,0.5620945356525273,0.1917865613476064,0.20216141828205206,0.18812960167996343,0.19503367754441756,0.18691752877848933,0.19280575752650575,0.1829547598471004,0.18147264096281387,0.17059992865903623,0.18291514161142544,0.17729303817951833,0.17904710185197886,0.5553150004157017,0.5304277806529536,0.5587442603851979,0.5237106748860187,0.5620945356525273,0.5460584503984799,0.5462243360289699,0.5208283485709015,0.5497237001205001,0.5139739254799407,0.5531424648311138,0.5367785550062851,1.3863444328308104e-06,0.0007064594427744547,1.5843907992045085e-06,1.3527274131774903e-06,1.4017025629679361e-06,1.30156675974528e-06,1.2913346290588378e-06,0.0007127447923024495,0.000728143056233724,0.0006833267211914062,0.0007114938894907634,0.0006965887546539306
861,14,distance,2.001248956506587,0.6118415110451461,0.6189326575989538,0.623249747316662,0.5537825296298153,0.6442216691362483,0.6190209515440511,0.1794973880661302,0.18056118961777035,0.18989975689508187,0.17594780267320173,0.1768187678611497,0.18054498102266678,0.1617837562990476,0.16377517049502105,0.18101753283104297,0.1507192508431223,0.15555070871155122,0.162569283835957,0.6189326575989538,0.623249747316662,0.5537825296298153,0.6442216691362483,0.6190209515440511,0.6118415110451461,0.6111425245345372,0.6155478682158102,0.5446605370498456,0.6369485175683351,0.611232623466587,0.6039064141670231,1.4043649037679035e-06,0.0013780186971028645,1.589953899383545e-06,1.357893149058024e-06,1.3087193171183268e-06,1.4234582583109538e-06,1.3417998949686686e-06,0.001331100861231486,0.0013294653097788492,0.001500492493311564,0.0013615516821543375,0.001367483139038086
862,8,distance,2.0,0.6278273472900175,0.6224127750245689,0.6793075611299754,0.5988150101938707,0.6036156244127012,0.6349857656889717,0.17423893509407326,0.16282138243008223,0.1749359859893482,0.18634431289489714,0.17579758928212053,0.17482764113810428,0.15992638972509118,0.15134191149205434,0.1715442314070822,0.16165307087799674,0.16337375044816557,0.161567870790078,0.6224127750245689,0.6793075611299754,0.5988150101938707,0.6036156244127012,0.6349857656889717,0.6278273472900175,0.6146937857576096,0.6727516680014569,0.5906136134687028,0.595512366308702,0.627523805191983,0.6202190477456908,1.3723174730936684e-06,4.283714294433594e-05,1.5395879745483397e-06,1.3228257497151692e-06,1.3461709022521973e-06,1.3311703999837239e-06,1.3218323389689127e-06,4.3073495229085285e-05,4.212816556294759e-05,4.326303799947103e-05,4.268129666646322e-05,4.303971926371257e-05
863,14,distance,2.000618387714833,0.6179011931602199,0.6503752120735847,0.6023547503281981,0.6196877328709984,0.6059736970649894,0.6111145734633285,0.17567382290472963,0.178809123837137,0.17935412554416683,0.1858687565092817,0.17919840682416052,0.17978084712389514,0.15431459227674763,0.16815222246274986,0.15444098146043458,0.1633908591243576,0.16132966670939375,0.16032566440673668,0.6503752120735847,0.6023547503281981,0.6196877328709984,0.6059736970649894,0.6111145734633285,0.6179011931602199,0.643227856954135,0.5942257162633571,0.6119130357576288,0.5979186448755173,0.6031646158509945,0.6100899739403266,1.4636913935343426e-06,0.0013931454022725422,1.5615423520406088e-06,1.5822052955627442e-06,1.3245145479838054e-06,1.4878312746683756e-06,1.3623634974161783e-06,0.0013497944672902426,0.001339925527572632,0.0014610310395558675,0.0014099951585133871,0.0014049808184305828
864,8,distance,2.0,0.6263547232216495,0.6085248038511625,0.6322505889922387,0.645194017801938,0.5934908360866765,0.6523133693762322,0.17848899626216844,0.17596862920548495,0.17064062125136933,0.18273899006051877,0.1665526535089165,0.1748779780576916,0.16784111122025525,0.16361209011546213,0.1559591024201919,0.17068368168478337,0.15382558777331642,0.16238431464280184,0.6085248038511625,0.6322505889922387,0.645194017801938,0.5934908360866765,0.6523133693762322,0.6263547232216495,0.6005219037595337,0.6247327134690818,0.6379407438898822,0.5851805976421112,0.6452056358711467,0.618716318926351,1.3582706451416016e-06,4.248269399007161e-05,1.5283624331156412e-06,1.3177593549092611e-06,1.3253092765808105e-06,1.3195474942525227e-06,1.3003746668497721e-06,4.296183586120605e-05,4.2678515116373696e-05,4.219174385070801e-05,4.2375723520914716e-05,4.22056516011556e-05
865,8,distance,2.0,0.6255103471639659,0.6492479702403615,0.6353488785661422,0.6510165811127568,0.6418071648055839,0.550131141094985,0.17514992980591965,0.17116123652611942,0.16983033259335067,0.1704454243546617,0.18903732073126425,0.17512484880226314,0.16092278548253883,0.15866096494956777,0.15617991053877794,0.15594132503987482,0.17805010590023082,0.16195101838219805,0.6492479702403615,0.6353488785661422,0.6510165811127568,0.6418071648055839,0.550131141094985,0.6255103471639659,0.6420775709948493,0.6278943411603393,0.6438823374557774,0.6344846536942841,0.540934503434235,0.617854681347897,1.3584295908610026e-06,4.274312655131022e-05,1.5323360761006672e-06,1.322627067565918e-06,1.3165672620137533e-06,1.3110041618347169e-06,1.3096133867899577e-06,4.4028759002685544e-05,4.204869270324707e-05,4.2776266733805336e-05,4.230539004007975e-05,4.25565242767334e-05
866,6,uniform,2.0055009599865024,0.6132775977109557,0.6248797320360233,0.6104059446321723,0.6074328386353814,0.6403876974604112,0.58328177579079,0.17791330435886626,0.18423683059538426,0.17838579761369014,0.17167990003156589,0.18361924722589476,0.17916701596508025,0.160082450823186,0.16624129983203928,0.1639169361458292,0.15593329345013918,0.17332084140202766,0.16389896433064427,0.6248797320360233,0.6104059446321723,0.6074328386353814,0.6403876974604112,0.58328177579079,0.6132775977109557,0.6172111745989404,0.6024415005701385,0.5994076155751167,0.6330361682773191,0.5747628342396647,0.6053718586522359,1.4176368713378906e-06,0.0011806383132934568,1.5709797541300455e-06,1.413126786549886e-06,1.2928247451782227e-06,1.4733274777730306e-06,1.3379255930582682e-06,0.001145501931508382,0.0011764935652414958,0.0011948120594024658,0.0012060590585072834,0.0011803249518076578
867,8,distance,2.0,0.6132765116588458,0.5994383477033538,0.6385476399233331,0.609464505935502,0.5909173194531987,0.6280147452788416,0.18248319811621086,0.17899519527633587,0.17087433838462554,0.18074820854351842,0.17944171778332313,0.17850853162080277,0.17501561025781945,0.1579444649147575,0.15394534821770578,0.17848194852950067,0.157022999500591,0.16448207428407485,0.5994383477033538,0.6385476399233331,0.609464505935502,0.5909173194531987,0.6280147452788416,0.6132765116588458,0.5912496938233542,0.6311584945725324,0.6014808161079483,0.5825544707878467,0.6204102766985113,0.6053707503980387,1.3629595438639323e-06,4.2377630869547524e-05,1.5490253766377767e-06,1.3171633084615071e-06,1.326302687327067e-06,1.3124942779541015e-06,1.309812068939209e-06,4.300157229105632e-05,4.2737722396850585e-05,4.162708918253581e-05,4.225532213846842e-05,4.22664483388265e-05
868,8,distance,2.0,0.6242740873062946,0.6279893180212163,0.6168564630898378,0.6178750829177607,0.6183767453258562,0.6402728271768025,0.176961498100416,0.17383002258264668,0.17557982257536126,0.18232305006806362,0.16948164382027972,0.17563520742935346,0.157450370985025,0.16424850500154592,0.17111917176379154,0.1638574932329596,0.15666724730365078,0.16266855765739457,0.6279893180212163,0.6168564630898378,0.6178750829177607,0.6183767453258562,0.6402728271768025,0.6242740873062946,0.6203843296332343,0.6090238865260866,0.6100633299280045,0.6105752477856692,0.6329189497085259,0.6165931487163041,1.3314088185628255e-06,4.211529095967611e-05,1.5145540237426758e-06,1.302162806193034e-06,1.2875596682230631e-06,1.2642145156860352e-06,1.2885530789693196e-06,4.1952927907307944e-05,4.220008850097656e-05,4.213054974873861e-05,4.2239030202229816e-05,4.20538584391276e-05
869,8,distance,2.0,0.6318116977180971,0.6419979751328726,0.6084814598488391,0.6506267334302456,0.6291655999238657,0.6287867202546625,0.16932169235390124,0.18148538555628135,0.17117258964026433,0.1766275181569733,0.17374304897558246,0.17447004693660054,0.15358484148362564,0.16515055535704398,0.16030171071804172,0.1579340090771616,0.16452746985629607,0.16029971729843379,0.6419979751328726,0.6084814598488391,0.6506267334302456,0.6291655999238657,0.6287867202546625,0.6318116977180971,0.6346793647437661,0.6004776736787982,0.6434845201443221,0.6215846581846602,0.621198033104843,0.624284849971278,1.3347466786702472e-06,4.249954223632813e-05,1.5457471211751302e-06,1.3217329978942872e-06,1.2873609860738118e-06,1.2624263763427734e-06,1.2564659118652343e-06,4.3564240137736e-05,4.279772440592448e-05,4.16866938273112e-05,4.228393236796061e-05,4.216512044270833e-05
870,8,distance,2.0,0.6240432187757218,0.6635981376376405,0.601030170548372,0.6282512518798524,0.6127332987065308,0.6146032351062134,0.1661848459786058,0.1845921743688465,0.17482659984788337,0.17573030977025325,0.180613370935181,0.176389460180154,0.14637004205477522,0.17497476930113498,0.15751385190507416,0.16089439446354045,0.16868354182048553,0.16168731990900206,0.6635981376376405,0.601030170548372,0.6282512518798524,0.6127332987065308,0.6146032351062134,0.6240432187757218,0.6567210978619193,0.5928740581916097,0.6206516181874473,0.604816432581281,0.6067245959601735,0.6163575605564862,1.313308874766032e-06,4.211918512980144e-05,1.5208125114440918e-06,1.2680888175964355e-06,1.2584527333577474e-06,1.247723897298177e-06,1.2714664141337077e-06,4.362305005391439e-05,4.136284192403158e-05,4.198273022969564e-05,4.207293192545573e-05,4.155437151590983e-05
871,8,distance,2.0,0.6159689558831866,0.6098860083966774,0.5484741337965274,0.6197769106868205,0.6528861981990866,0.6488215283368209,0.18044412104122262,0.18911026112199697,0.1705340605099036,0.17931678934949857,0.16365950215313926,0.17661294683515222,0.171135279452963,0.1855392174292966,0.1604412118460128,0.15831890808730695,0.1494431453483619,0.16497555243278825,0.6098860083966774,0.5484741337965274,0.6197769106868205,0.6528861981990866,0.6488215283368209,0.6159689558831866,0.6019109353144971,0.5392436220513117,0.6120040366293109,0.6457901749936164,0.6416424113692603,0.6081182360715992,1.3075669606526694e-06,4.211107889811198e-05,1.5018383661905924e-06,1.2882550557454427e-06,1.25428040822347e-06,1.246929168701172e-06,1.2465318044026693e-06,4.24802303314209e-05,4.2666991551717125e-05,4.175424575805664e-05,4.160523414611816e-05,4.204869270324707e-05
872,8,distance,2.0,0.6243252110949978,0.6261581071838023,0.5941378737511934,0.6276817228240241,0.6352391484594984,0.6384092032564709,0.17719487779098725,0.18191540055015173,0.17537769277583268,0.16897762178735878,0.17596038541616008,0.1758851956640981,0.16180017821131804,0.17133643447343297,0.1671267955587693,0.152794376128253,0.15764349328983157,0.16214025553232098,0.6261581071838023,0.5941378737511934,0.6276817228240241,0.6352391484594984,0.6384092032564709,0.6243252110949978,0.6185156834805751,0.5858408626524103,0.6200704462889104,0.6277823678487897,0.6310172278545589,0.6166453176250488,1.3003150622049967e-06,4.213635126749674e-05,1.4971693356831868e-06,1.25885009765625e-06,1.2433528900146484e-06,1.2441476186116537e-06,1.2580553690592447e-06,4.252235094706217e-05,4.183292388916016e-05,4.261175791422526e-05,4.183808962504069e-05,4.1876633961995446e-05
873,7,uniform,2.0052153645691835,0.6119908522633045,0.5976747737022635,0.5824573446725825,0.6190732825566279,0.6196451947684074,0.6411036656166409,0.17652210258627862,0.18663263046037162,0.17983013629833575,0.1791342953605812,0.17030641160865,0.17848511526284344,0.1743399683126781,0.17002179934495926,0.16376867585372204,0.16487924302609352,0.15319768575890436,0.16524147445927145,0.5976747737022635,0.5824573446725825,0.6190732825566279,0.6196451947684074,0.6411036656166409,0.6119908522633045,0.5894500672021394,0.5739215493336915,0.6112860242783988,0.6118696280515776,0.6337667729205586,0.6040588083572732,1.3654232025146485e-06,0.001202780803044637,1.5356143315633137e-06,1.337130864461263e-06,1.2883543968200683e-06,1.3239185015360514e-06,1.3420979181925455e-06,0.0011951088905334472,0.0011798477172851563,0.001226036548614502,0.0012034642696380615,0.0012094465891520183
874,8,distance,2.0,0.6248752816596538,0.6376328664545388,0.6277070799583756,0.6012355417662254,0.604066058314808,0.6537348618043214,0.1771725242943341,0.17493532666032266,0.18065414319208153,0.17426504782406815,0.1672952864543899,0.17486446568503927,0.1708257472842152,0.16333053726007335,0.16819587550437556,0.1528864584940596,0.1582580459160128,0.1626993328917473,0.6376328664545388,0.6277070799583756,0.6012355417662254,0.604066058314808,0.6537348618043214,0.6248752816596538,0.6302250204536094,0.6200963217973885,0.5930836277989251,0.5959720083996081,0.6466561877696568,0.6172066332438375,1.301546891530355e-06,4.2434771855672205e-05,1.5027324358622233e-06,1.245439052581787e-06,1.2465318044026693e-06,1.2504061063130696e-06,1.2626250584920248e-06,4.2778253555297854e-05,4.3014287948608397e-05,4.2288700739542644e-05,4.153569539388021e-05,4.25569216410319e-05
875,14,distance,2.002818749988611,0.6145576265971847,0.6028206850599529,0.6097998926791217,0.631698247526454,0.6278980731409527,0.6005712345794427,0.1918107018538765,0.17897398896264363,0.17390130418765137,0.17409749353532783,0.18127285054788533,0.18001126781747692,0.17120560879615548,0.16059753205077687,0.15955048370602737,0.15280800057001728,0.16705012790188284,0.162242350604972,0.6028206850599529,0.6097998926791217,0.631698247526454,0.6278980731409527,0.6005712345794427,0.6145576265971847,0.5947011760662892,0.6018230591393423,0.6241690805252912,0.6202912194402567,0.5924057402267227,0.6066780550795803,1.3714035352071126e-06,0.001343726555506388,1.563727855682373e-06,1.3815363248189291e-06,1.2905399004618327e-06,1.3235211372375487e-06,1.2976924578348797e-06,0.0013393878936767579,0.0013125141461690266,0.0013954516251881918,0.0013497360547383625,0.0013215430577596028
876,7,distance,2.0122844669685582,0.6088704282016109,0.6161404644488744,0.6060838846065082,0.5862640997848045,0.6195931085707698,0.6162705835970974,0.1782922081180904,0.18047165561359269,0.18347553625211574,0.17792770305754482,0.1763503792561439,0.17930349645949753,0.16436979574919608,0.16058333745914097,0.17539243615249692,0.16853833035583812,0.15961664690610416,0.16570010932455523,0.6161404644488744,0.6060838846065082,0.5862640997848045,0.6195931085707698,0.6162705835970974,0.6088704282016109,0.6082932507749161,0.5980310849732511,0.5778061256747835,0.6118164770594396,0.6084260299397979,0.6008745936844376,1.3629992802937826e-06,0.0011987411975860596,1.535813013712565e-06,1.3382236162821453e-06,1.294116179148356e-06,1.364449659983317e-06,1.2823939323425293e-06,0.0011819942792256673,0.0011755708853403728,0.001226042906443278,0.0012163484096527099,0.00119374950726827
877,8,distance,2.0,0.6315407460698206,0.6351773219440586,0.6035929264817858,0.6327668302891816,0.6502939934144042,0.6358726582196729,0.17239109889796267,0.18312638008206514,0.17124881309783685,0.16839712993218825,0.17947088009883758,0.1749268604217781,0.1546244473971596,0.1713800986790001,0.1548355402260285,0.15737567947010164,0.1612555422987122,0.15989426161420042,0.6351773219440586,0.6035929264817858,0.6327668302891816,0.6502939934144042,0.6358726582196729,0.6315407460698206,0.6277192774182132,0.5954892043655702,0.6252595082508003,0.6431449779475777,0.6284288284047428,0.6240083592773809,1.3123353322347005e-06,4.214731852213541e-05,1.4987587928771972e-06,1.2700756390889486e-06,1.2627243995666503e-06,1.2672940889994303e-06,1.262823740641276e-06,4.236578941345215e-05,4.2821963628133135e-05,4.219929377237956e-05,4.193226496378581e-05,4.141728083292643e-05
878,7,uniform,2.0023872221644323,0.6204005726347022,0.6491431381490578,0.6414464316343214,0.634010796149663,0.60421630361154,0.5731861936289289,0.16949253984691148,0.17870969019106214,0.17271636977397598,0.17990362734816523,0.18432010950093405,0.17702846733220978,0.15228035054465075,0.16406850542196133,0.15953142462521455,0.16626259464027981,0.1704091432267367,0.16251040369176864,0.6491431381490578,0.6414464316343214,0.634010796149663,0.60421630361154,0.5731861936289289,0.6204005726347022,0.6419705958284252,0.6341165460799973,0.6265289044184807,0.5961253251504471,0.5644608687968116,0.6126404480548324,1.4032721519470214e-06,0.001223733901977539,1.5309453010559081e-06,1.3463695844014486e-06,1.2987852096557617e-06,1.503129800160726e-06,1.337130864461263e-06,0.0011783226331075031,0.001195915142695109,0.0012544957796732585,0.001261082887649536,0.0012288530667622884
879,8,distance,2.0,0.607025037279686,0.6335892724835819,0.6188241266429437,0.6249631767441074,0.5694758839517735,0.5882727265760236,0.1769994969483953,0.18108332597343166,0.17540193439774038,0.18247190780302874,0.1820201426803477,0.17959536156058878,0.1577941906395681,0.15842365030675337,0.16504206762872692,0.17639411914533418,0.17075285504457005,0.1656813765529905,0.6335892724835819,0.6188241266429437,0.6249631767441074,0.5694758839517735,0.5882727265760236,0.607025037279686,0.6260987635735358,0.6110317748877739,0.6172963251613635,0.5606747095180789,0.5798558146831996,0.5989914775647904,1.3138254483540854e-06,4.252489407857259e-05,1.4969706535339355e-06,1.2783209482828775e-06,1.2647112210591634e-06,1.2623270352681479e-06,1.2667973836263021e-06,4.239757855733236e-05,4.206379254659017e-05,4.319032033284505e-05,4.3116013209025066e-05,4.185676574707031e-05
880,8,distance,2.0,0.6117258947495656,0.5757296606564342,0.6447057604652826,0.6207210228457634,0.601839783186169,0.6156332465941793,0.18785150337662665,0.16571217752145184,0.1751979293117875,0.18328748271426448,0.1854897815053594,0.179507774885898,0.17747245347345905,0.1512624904986594,0.15604123324247493,0.1702035005083493,0.16305846657876755,0.16360762886034202,0.5757296606564342,0.6447057604652826,0.6207210228457634,0.601839783186169,0.6156332465941793,0.6117258947495656,0.5670563317431074,0.6374425051425967,0.6129674492071759,0.5937002216840124,0.607775663901045,0.6037884343355875,3.0289689699808753e-06,8.606417973836263e-05,3.2320618629455567e-06,2.6168425877889e-06,3.805855909983317e-06,2.759099006652832e-06,2.730985482533773e-06,7.552345593770345e-05,8.809566497802734e-05,8.311629295349121e-05,9.293516476949056e-05,9.065032005310058e-05
881,12,distance,2.7635907771829533,0.6001347524179874,0.6238957081924095,0.62849747103522,0.5856042084788791,0.5638631287150708,0.5988132456683575,0.17667210464371166,0.17788482534973157,0.1970418001892501,0.18373168168946452,0.18237984913287064,0.1835420522010057,0.15630307832934712,0.15999756325801007,0.17498025088855917,0.1733801106133805,0.15900265339581127,0.16473273129702162,0.6238957081924095,0.62849747103522,0.5856042084788791,0.5638631287150708,0.5988132456683575,0.6001347524179874,0.6162070344246222,0.6209028707838106,0.5771327442569822,0.5549472131181046,0.5906118128711177,0.5919603350909275,1.6250411669413248e-06,0.0013440802892049151,1.8286705017089844e-06,1.5606482823689779e-06,1.6047557195027668e-06,1.574854056040446e-06,1.5562772750854492e-06,0.0015128334363301596,0.0013080155849456787,0.0013081034024556477,0.001291125218073527,0.0013003238042195637
882,14,distance,9.452481248244535,0.5518957050431744,0.586973422626266,0.5387606427295635,0.5529786722992598,0.5956845919103225,0.48508119565046026,0.19095053008431295,0.19580321623336994,0.1996746234517584,0.18796114545152875,0.20736232245005826,0.19635036753420565,0.16320144651055998,0.17587012940856003,0.16936734733944367,0.16291336063367315,0.18995664985082486,0.1722617867486123,0.586973422626266,0.5387606427295635,0.5529786722992598,0.5956845919103225,0.48508119565046026,0.5518957050431744,0.578529949153549,0.5293315587649208,0.5438402465200283,0.5874192002628333,0.4745547464985106,0.5427351402399683,1.8759767214457194e-06,0.0011355926195780435,3.055532773335775e-06,1.6472736994425456e-06,1.5776356061299642e-06,1.5418728192647298e-06,1.5575687090555827e-06,0.0015799272060394286,0.0010429223378499348,0.0010371784369150798,0.0010037509600321452,0.0010141841570536297
883,8,distance,2.0,0.6263920606142341,0.6620946891933459,0.6325445119657602,0.6325759672392959,0.6203211951802081,0.5844239394925608,0.16954578704584766,0.16991469936861373,0.18278260427779172,0.1754937561020723,0.18010549600160145,0.17556846855918534,0.1552227410225631,0.15333165288987283,0.16519130495374967,0.16343940315796351,0.16935702195879018,0.16130842479658786,0.6620946891933459,0.6325445119657602,0.6325759672392959,0.6203211951802081,0.5844239394925608,0.6263920606142341,0.6551869145260889,0.6250326450894215,0.6250647434009169,0.6125594478925804,0.5759283471142145,0.6187544196046445,2.807756265004476e-06,8.507529894510906e-05,1.8323461214701335e-06,2.8082728385925294e-06,2.747476100921631e-06,3.914634386698405e-06,2.736051877339681e-06,8.90664259592692e-05,7.89336363474528e-05,8.300264676411946e-05,8.476773897806804e-05,8.960604667663574e-05
884,8,distance,2.0,0.6241867317998059,0.6275244253244198,0.6171274441842572,0.6511372325069795,0.6166246942285551,0.6085198627548181,0.1839007006788492,0.17176622056915164,0.16994256817133296,0.17821953850430347,0.17768753490292374,0.1763033125653122,0.1742712309369095,0.1568839480384253,0.1563477264368503,0.16194197093263518,0.15872938953926818,0.1616348531768177,0.6275244253244198,0.6171274441842572,0.6511372325069795,0.6166246942285551,0.6085198627548181,0.6241867317998059,0.6199099331675084,0.6093004072680921,0.6440054553180251,0.608787379630161,0.6005168616527019,0.6165040074072977,3.7804643313090005e-06,9.625426928202312e-05,1.7731388409932455e-06,7.0438782374064125e-06,1.5572706858317056e-06,1.5336275100708008e-06,6.994406382242838e-06,9.260932604471843e-05,8.740981419881185e-05,0.00011654575665791829,9.192506472269694e-05,9.278138478597005e-05
885,15,uniform,2.0053663932300916,0.6089816112280998,0.650042182157694,0.5896494457149204,0.5960875542419306,0.5986097311790697,0.6105191428468844,0.18010414888217396,0.19389912403325216,0.1854364570112101,0.17787183517733984,0.17730606095948737,0.1829235252126927,0.15287169040165416,0.16696758328696576,0.1646451327979791,0.15950878481232608,0.16361388552369288,0.1615214153645236,0.650042182157694,0.5896494457149204,0.5960875542419306,0.5986097311790697,0.6105191428468844,0.6089816112280998,0.6428880189309348,0.5812606779952936,0.587830400325241,0.5904041379493403,0.6025570128880473,0.6009880496177713,1.8839240074157719e-06,0.0019224580128987632,1.8253922462463379e-06,2.7621785799662273e-06,1.6330679257710775e-06,1.6032656033833822e-06,1.5957156817118328e-06,0.0022540108362833658,0.0021495898564656574,0.0021024362246195474,0.0015608044465382895,0.0015454487005869548
886,15,distance,2.0064796992808756,0.6142933286489037,0.5966562693023092,0.6102360196810466,0.6178770587401018,0.6538614588260397,0.5928358366950214,0.18569985041413364,0.17247300779032326,0.1829064679908338,0.1718436564105351,0.1843793323537042,0.179460462991906,0.16670899293046088,0.1716783261978461,0.15793861813734433,0.14874909902335193,0.17002795577543164,0.16302059841288696,0.5966562693023092,0.6102360196810466,0.6178770587401018,0.6538614588260397,0.5928358366950214,0.6142933286489037,0.588410741587876,0.6022681018551055,0.6100653461419437,0.6467853728054477,0.5845122081436419,0.6064083541068029,1.6415119171142578e-06,0.0015845498243967694,1.8258889516194661e-06,1.583397388458252e-06,1.5623370806376139e-06,1.6518433888753256e-06,1.5840927759806316e-06,0.0017254090309143067,0.0015388830502827962,0.0015461190541585287,0.0015206976731618246,0.00159164031346639
887,8,distance,2.0,0.6127946944741246,0.6176873026684795,0.670209533679502,0.610411356502294,0.6058050686446994,0.5598602108756481,0.1790015065943929,0.1714678052078184,0.17574706492367403,0.1770678533812222,0.1887219852327761,0.17840124306797675,0.17306548587091547,0.15444583760156633,0.16019918250989243,0.16068256786867285,0.17356069821824235,0.1643907544138579,0.6176873026684795,0.670209533679502,0.610411356502294,0.6058050686446994,0.5598602108756481,0.6127946944741246,0.6098717109002031,0.6634676502112806,0.602447023074743,0.5977465691962094,0.550862463908881,0.6048790834582635,2.5326808293660484e-06,8.554283777872721e-05,1.7847617467244465e-06,2.74201234181722e-06,2.764562765757243e-06,2.6736656824747723e-06,2.6984016100565593e-06,8.872270584106445e-05,8.505582809448242e-05,8.484363555908203e-05,8.51436456044515e-05,8.394837379455567e-05
888,8,distance,2.0,0.6176553439755925,0.6131857757797659,0.6362612513384998,0.6282977061553158,0.5983861430361974,0.6121458435681838,0.18474591183952105,0.17205118849047854,0.1834275040269964,0.1743024091498117,0.17339532552922848,0.1775844678072072,0.1636166775507175,0.16477860137461678,0.16515439326187104,0.1598023046007884,0.16324745403782207,0.16331988616516316,0.6131857757797659,0.6362612513384998,0.6282977061553158,0.5983861430361974,0.6121458435681838,0.6176553439755925,0.6052781596117202,0.628825365505556,0.6206990221244193,0.5901759790096801,0.6042169681385725,0.6098390988779896,2.438366413116455e-06,8.4822416305542e-05,1.7560521761576334e-06,2.663731575012207e-06,2.6234984397888184e-06,2.622207005818685e-06,2.5263428688049315e-06,9.182294209798177e-05,9.12022590637207e-05,7.755637168884278e-05,7.975419362386067e-05,8.377631505330403e-05
889,8,distance,2.0,0.6231352072865219,0.6145459062922864,0.6425084652120793,0.6087842078152244,0.6370343170438151,0.6128031400692051,0.17616257644958327,0.1724988179711077,0.17735437992654943,0.17801585645916812,0.17697486225825348,0.17620129861293238,0.16248996181730213,0.16001934063264692,0.16275663031301874,0.16504052396672506,0.16135765138353503,0.16233282162264556,0.6145459062922864,0.6425084652120793,0.6087842078152244,0.6370343170438151,0.6128031400692051,0.6231352072865219,0.6066660951773076,0.6352002907360059,0.6007866107007145,0.629614234939089,0.6048877017060543,0.6154309866518343,2.7361710866292317e-06,8.472561836242676e-05,1.7747282981872558e-06,2.756019433339437e-06,3.861586252848307e-06,2.643764019012451e-06,2.644757429758708e-06,8.973479270935059e-05,8.816321690877279e-05,8.5831880569458e-05,7.738828659057617e-05,8.250991503397623e-05
890,8,distance,2.0,0.6319713570666101,0.64501409338879,0.6313603561966699,0.648653246456067,0.6226641885872319,0.6121649007042917,0.1720653876753292,0.17116314039210234,0.17087348294973567,0.17900453505337383,0.18158046504076245,0.17493740222226067,0.15717121425126773,0.16039399775206378,0.1536975060557058,0.16069125473000836,0.16723622682819345,0.15983803992344786,0.64501409338879,0.6313603561966699,0.648653246456067,0.6226641885872319,0.6121649007042917,0.6319713570666101,0.6377571412945233,0.6238242817066528,0.641470689313772,0.6149503389501736,0.6042364148583829,0.6244477732247009,2.5493105252583826e-06,8.290155728658039e-05,1.835326353708903e-06,1.603563626607259e-06,2.6879707972208657e-06,2.753933270772298e-06,3.865758577982585e-06,8.548219998677572e-05,8.019129435221355e-05,7.538040479024252e-05,8.829037348429362e-05,8.516351381937662e-05
891,8,distance,2.0,0.6186993287347351,0.6302103989090917,0.6062626451770434,0.612135704278992,0.6405494436202719,0.6043384516882765,0.166784373422536,0.18315604725149384,0.1855542633581301,0.1754968032775363,0.18032516384131067,0.1782633302302014,0.1590933698084928,0.15903218153628368,0.16988526169452095,0.1571459426212596,0.16484467176977693,0.1620002854860668,0.6302103989090917,0.6062626451770434,0.612135704278992,0.6405494436202719,0.6043384516882765,0.6186993287347351,0.6226508159225654,0.5982134999336439,0.6042066215726001,0.6332012210026283,0.5962499702917847,0.6109044257446445,2.6900370915730793e-06,9.9292516708374e-05,1.8240014712015788e-06,1.5644232432047526e-06,6.98546568552653e-06,1.5481313069661458e-06,1.5281637509663899e-06,9.308775266011556e-05,9.397387504577636e-05,8.495410283406575e-05,0.00013105511665344237,9.339173634847005e-05
892,8,distance,2.0,0.6207724506757972,0.6327152971549843,0.6411563568235554,0.6275312268689468,0.5654297581523843,0.6370296143791152,0.16816693978603037,0.17812024984469993,0.1707957838387531,0.19184150308760245,0.17428759526312543,0.17664241436404227,0.15696465552555802,0.16048850366463532,0.16189083366902812,0.17904945059674737,0.15438178879185022,0.1625550464495638,0.6327152971549843,0.6411563568235554,0.6275312268689468,0.5654297581523843,0.6370296143791152,0.6207724506757972,0.62520692162834,0.6338205412901359,0.6199168737555352,0.5565458690515812,0.6296094361381431,0.6130199283727471,2.9575427373250324e-06,0.00010317548116048178,1.7959872881571452e-06,5.416969458262125e-06,4.468361536661784e-06,1.5754501024882e-06,1.5309453010559081e-06,0.00010155479113260905,0.00010232686996459961,0.0001114817460378011,0.00010887781778971355,9.163618087768555e-05
893,8,distance,2.0,0.6215424808689176,0.6277648869428408,0.6448738399282723,0.6054858402600123,0.6001596006256037,0.6294282365878587,0.17931435842112425,0.16766522492906863,0.17477857377123157,0.180205914437286,0.17838249882833265,0.17606931407740864,0.16463210424850416,0.15735183812263925,0.1612899166316299,0.16980833032607295,0.16326769900779356,0.16326997766732798,0.6277648869428408,0.6448738399282723,0.6054858402600123,0.6001596006256037,0.6294282365878587,0.6215424808689176,0.6201553105259994,0.6376140206423085,0.5974208148479512,0.5919856912687165,0.621852663911631,0.6138057002393214,2.536773681640625e-06,8.513434727986654e-05,1.7676750818888346e-06,2.7530392011006673e-06,1.527567704518636e-06,3.923277060190837e-06,2.7123093605041505e-06,8.029659589131674e-05,8.352955182393393e-05,8.850812911987305e-05,7.938385009765625e-05,9.395360946655273e-05
894,14,uniform,2.0027807194676788,0.6090686775217611,0.622102786808185,0.5688420469990996,0.6342299490256191,0.6160471870453589,0.6041214177305425,0.17964097376201357,0.20021809340859242,0.17512412538103794,0.17360473123639603,0.1867892922788718,0.18307544321338237,0.16013603865953002,0.17866453468459656,0.15200557349248114,0.15298004374815313,0.16304217577294589,0.16136567327154133,0.622102786808185,0.5688420469990996,0.6342299490256191,0.6160471870453589,0.6041214177305425,0.6090686775217611,0.6143774604737697,0.5600279150808529,0.6267525374213728,0.6081980665079556,0.5960284995240119,0.6010768958015926,1.643220583597819e-06,0.001545091152191162,1.8442670504252116e-06,1.553197701772054e-06,1.6720096270243326e-06,1.583099365234375e-06,1.5635291735331217e-06,0.0015584294001261393,0.0015270392100016276,0.0015433073043823243,0.0015502568085988362,0.001546423037846883
895,8,distance,2.0,0.6274307776888284,0.6027994025079031,0.6179050751789303,0.6064822345686909,0.6503139498430408,0.6596532263455763,0.1801485973877555,0.17113128036098083,0.1816295418867986,0.1744292034808481,0.17049729992198379,0.17556718460767337,0.16910585756647667,0.15775280589295912,0.16754954807443526,0.15559349539976866,0.15507983955524268,0.16101630929777647,0.6027994025079031,0.6179050751789303,0.6064822345686909,0.6503139498430408,0.6596532263455763,0.6274307776888284,0.5946794584365144,0.6100939353188743,0.5984375783758873,0.6431653423440911,0.6526955410238504,0.6198143710998435,2.4715264638264974e-06,0.00010084652900695799,1.761317253112793e-06,2.859036127726237e-06,3.747244675954183e-06,1.5502174695332845e-06,2.4398167928059894e-06,9.665807088216146e-05,0.0001055908203125,9.475906689961751e-05,0.00010651111602783203,0.00010071357091267904
896,8,distance,2.0,0.6242456485533866,0.6063510473098768,0.5881995632700591,0.6258052241047549,0.6420387653608826,0.6588336427213599,0.1753396006709341,0.1763357846675125,0.18562461475878186,0.17307656230373733,0.172848998373475,0.17664511215488815,0.16398133975305412,0.16489508555921564,0.16666781393567084,0.16290901908845984,0.14715821969602022,0.1611222956064841,0.6063510473098768,0.5881995632700591,0.6258052241047549,0.6420387653608826,0.6588336427213599,0.6242456485533866,0.5983037092651042,0.5797811557048814,0.6181555864373904,0.6347209888435582,0.6518592027088495,0.6165641285919568,2.511759599049886e-06,7.503016789754232e-05,1.7688671747843424e-06,2.659956614176432e-06,2.7137994766235352e-06,2.803802490234375e-06,2.6123722394307454e-06,7.719715436299642e-05,8.391658465067546e-05,7.572054862976075e-05,6.972273190816243e-05,6.859381993611653e-05
897,15,distance,2.002405670542644,0.6164629766091559,0.6138476543983,0.6342835622344412,0.625208852596343,0.5838143759736509,0.6251604378430446,0.1820806064258894,0.17761029538332954,0.17857623228053565,0.18435247292998244,0.17447471505193846,0.1794188644143351,0.1651989559928748,0.1578582091218949,0.15821181273740162,0.16907866692503026,0.1601164003801831,0.1620928090314769,0.6138476543983,0.6342835622344412,0.625208852596343,0.5838143759736509,0.6251604378430446,0.6164629766091559,0.6059535689686231,0.6268072466412781,0.6175470233478866,0.5753063223308635,0.6174976188551682,0.6086223560287639,1.7085671424865722e-06,0.001987442970275879,1.9404292106628418e-06,1.755853494008382e-06,1.6257166862487792e-06,1.623531182607015e-06,1.597305138905843e-06,0.0026691877841949463,0.0020787958304087323,0.0018732861677805584,0.0016124530633290608,0.001703492005666097
898,8,distance,2.0,0.6245836404757436,0.615681856143909,0.6244187895685592,0.6125340187589425,0.6578896312708953,0.6123939066364111,0.17378327739409977,0.18149978256579605,0.1723042730328566,0.17406434008007945,0.18174437373256505,0.17667920936107936,0.16140926334314468,0.1633320173055858,0.1641504049059023,0.14983996013467857,0.16590150124715436,0.16092662938729316,0.615681856143909,0.6244187895685592,0.6125340187589425,0.6578896312708953,0.6123939066364111,0.6245836404757436,0.6078252671724047,0.6167408091168092,0.6046130787676431,0.6508958928982389,0.6044701023427772,0.6169090300595746,3.058254718780517e-06,0.00010143733024597168,1.7545620600382487e-06,7.026692231496175e-06,3.1973918279012043e-06,1.7889340718587239e-06,1.5236934026082356e-06,9.20867919921875e-05,9.522596995035808e-05,8.610844612121583e-05,0.00011677702267964681,0.0001169884204864502
899,8,distance,2.0,0.6265640819918673,0.6435934731873453,0.6403673223340481,0.5764701687042022,0.6057671712733051,0.6666222744604355,0.1704233997632102,0.17819777283973112,0.18399731216273357,0.17800886678077524,0.16597648974337778,0.17532076825796558,0.15719225920366908,0.1629508719629978,0.17098391771324273,0.15973231224945278,0.15440432181016248,0.16105273658790498,0.6435934731873453,0.6403673223340481,0.5764701687042022,0.6057671712733051,0.6666222744604355,0.6265640819918673,0.6363074794535262,0.633015376623671,0.567811977945174,0.5977078970914989,0.6598070569025569,0.6189299576032854,1.5929937362670898e-06,4.920260111490886e-05,1.7894307772318523e-06,1.5457471211751302e-06,1.5584627787272136e-06,1.5366077423095704e-06,1.534720261891683e-06,4.95600700378418e-05,4.902164141337077e-05,4.890163739522298e-05,4.789868990580241e-05,5.063096682230632e-05
900,8,distance,2.0,0.626299110478885,0.6279746164339564,0.6247897154061597,0.6745470742382955,0.6136625340626357,0.5905216122533775,0.1724414477398446,0.16970879499886324,0.17351574658125216,0.17858989231539807,0.18274707702342427,0.17540059173175648,0.15672923776083686,0.16640199307276893,0.15196975518079528,0.16180411891738367,0.16948008856242117,0.1612770386988412,0.6279746164339564,0.6247897154061597,0.6745470742382955,0.6136625340626357,0.5905216122533775,0.626299110478885,0.6203693275024529,0.6171193177653997,0.6678938628087547,0.6057646642308667,0.5821506741733784,0.6186595692961705,5.604565143585206e-06,0.00017637292544047038,5.780855814615885e-06,4.36862309773763e-06,4.38461701075236e-06,8.388757705688477e-06,5.099972089131673e-06,0.00016001184781392415,0.00012715220451354982,0.0002549481391906738,0.00018505056699117024,0.00015470186869303386
901,8,distance,2.0,0.6190748170118064,0.6450733052856041,0.6208880000717802,0.5503501041978076,0.6041512362253567,0.6749114392784838,0.17471558199832385,0.18074479960426365,0.1859722246302314,0.1756089573810146,0.1655363060799551,0.17651557393875772,0.15789490494600047,0.16412436065790273,0.17560836643541333,0.16376001772443452,0.15344055289388092,0.1629656405315264,0.6450733052856041,0.6208880000717802,0.5503501041978076,0.6041512362253567,0.6749114392784838,0.6190748170118064,0.6378175636560084,0.6131378399369614,0.5411579427844748,0.5960589275962329,0.66826567653801,0.6112875901023375,2.505183219909668e-06,8.065446217854818e-05,1.755058765411377e-06,1.519322395324707e-06,2.6413798332214354e-06,2.6927391688028973e-06,3.917415936787923e-06,7.58051872253418e-05,8.423805236816406e-05,7.984439531962076e-05,7.970770200093587e-05,8.367697397867838e-05
902,8,distance,2.0,0.6266232967270413,0.6287794989678672,0.6303895201300533,0.5793342140838598,0.6365364007851544,0.6580768496682716,0.18109402733519409,0.167621306560561,0.18064273500875827,0.18538236079393774,0.16776349382685457,0.17650078470506117,0.1666311600949648,0.15472492672838442,0.17124190595714053,0.1626336143358385,0.1448370994985571,0.16001374132297705,0.6287794989678672,0.6303895201300533,0.5793342140838598,0.6365364007851544,0.6580768496682716,0.6266232967270413,0.6211906641937861,0.6228335989061362,0.5707345728044838,0.6291061398131303,0.6510869385882363,0.6189903828611546,2.995550632476806e-06,0.00010474205017089844,1.836419105529785e-06,1.5698870023091635e-06,3.303190072377523e-06,1.576244831085205e-06,6.692012151082356e-06,0.00010046839714050293,0.0001108105977376302,0.000102310578028361,0.00011452794075012207,9.559273719787597e-05
903,13,distance,7.22444428600476,0.5614957806445682,0.5435243260672631,0.5607733953294574,0.5588092114179315,0.5593277227978743,0.585044247610315,0.1960025803972237,0.20562568850329896,0.18900677359482146,0.1945932490812463,0.18239226707512965,0.19352411173034403,0.16973298385984026,0.17039580223688214,0.17066676670814143,0.17666055678337894,0.16749858834478262,0.17099093958660508,0.5435243260672631,0.5607733953294574,0.5588092114179315,0.5593277227978743,0.585044247610315,0.5614957806445682,0.5341926257483656,0.5517943165286967,0.5497899789426592,0.550319090214526,0.5765613361474935,0.5525314695163482,1.6301472981770834e-06,0.0010283225377400716,1.83790922164917e-06,1.636346181233724e-06,1.5497207641601562e-06,1.5815099080403647e-06,1.545250415802002e-06,0.001051475207010905,0.0010112512111663818,0.001037319501241048,0.0010442892710367838,0.0009972774982452393
904,6,distance,2.679567905713764,0.5885140361835072,0.5764576702761066,0.5735872213931517,0.5868935245831706,0.6319804322045827,0.5736513324605244,0.17375350881537135,0.18881716887816827,0.19084179147277278,0.17011544702704864,0.19329928976095598,0.1833654411908634,0.17338556203790143,0.17765680523716326,0.1649195310174228,0.1639045647461644,0.17005465564416822,0.16998422373656402,0.5764576702761066,0.5735872213931517,0.5868935245831706,0.6319804322045827,0.5736513324605244,0.5885140361835072,0.5677992240125858,0.5648700947436079,0.5784484177603393,0.6244570338850852,0.5649355164290529,0.5801020573661343,1.906752586364746e-06,0.0012430336475372315,1.93635622660319e-06,1.6282002131144206e-06,1.6180674235026043e-06,2.7139981587727863e-06,1.637140909830729e-06,0.0013110784689585367,0.001218263308207194,0.0012541993459065754,0.00127198855082194,0.0011596385637919109
905,8,distance,2.0,0.6215881761696069,0.5696067021279364,0.6346146504474092,0.6504344071509729,0.61430095683823,0.6389841642834864,0.18575167394656777,0.17112673937713924,0.1665332900153262,0.18455589606888523,0.17429875918351756,0.1764532717182872,0.17042712332419413,0.16527960570418956,0.15124052984007633,0.16852579820905925,0.1570456947594203,0.1625037503673879,0.5696067021279364,0.6346146504474092,0.6504344071509729,0.61430095683823,0.6389841642834864,0.6215881761696069,0.56080820200108,0.6271451032674584,0.6432882621523557,0.6064161382386709,0.6316039427696905,0.613852329685851,2.9358665148417157e-06,5.99656105041504e-05,5.334913730621338e-06,2.7961532274882e-06,3.35236390431722e-06,1.5848875045776367e-06,1.6110142072041829e-06,7.111589113871257e-05,7.309238115946452e-05,5.328059196472168e-05,5.124727884928385e-05,5.109190940856933e-05
906,8,distance,2.0,0.6261360707787992,0.6211130158501823,0.6442064535332859,0.6088379332568834,0.6219136328293469,0.6346093184242976,0.17248763113974544,0.165250412096254,0.1798934505630877,0.17644755878956214,0.1787036557653453,0.17455654167079893,0.16371207201592455,0.15955837431218167,0.16803249264365766,0.16241928883148302,0.1610350474010528,0.16295145504085992,0.6211130158501823,0.6442064535332859,0.6088379332568834,0.6219136328293469,0.6346093184242976,0.6261360707787992,0.6133674556972049,0.6369329909138641,0.6008414344478248,0.614184439633354,0.6271396622421708,0.6184931965868838,1.6402204831441244e-06,6.705300013224285e-05,1.8463532129923503e-06,1.6364455223083495e-06,1.5701850255330404e-06,1.557767391204834e-06,1.5903512636820476e-06,9.355982144673666e-05,9.234388669331868e-05,4.877567291259766e-05,5.019982655843099e-05,5.038579305013021e-05
907,8,distance,2.0,0.6242517139873499,0.6018809136046483,0.6281306928555963,0.6030498206002186,0.6629367030373745,0.6252604398389119,0.17476737826174404,0.17930019222429883,0.18014506368313118,0.16812891316585868,0.1780835319010388,0.1760850158472143,0.1628006894405675,0.1605759075058973,0.1744367776239432,0.15306044474712827,0.15891717187481216,0.16195819823846969,0.6018809136046483,0.6281306928555963,0.6030498206002186,0.6629367030373745,0.6252604398389119,0.6242517139873499,0.5937421929287638,0.6205285945834791,0.5949349958084003,0.6560461416003192,0.6175996651848521,0.6165703180211629,1.64337952931722e-06,0.00010003201166788737,1.8402934074401855e-06,1.5869736671447754e-06,1.612404982248942e-06,1.5514095624287923e-06,1.625816027323405e-06,8.358160654703776e-05,0.00011582652727762858,0.00011330525080362956,9.193936983744303e-05,9.550730387369791e-05
908,8,distance,2.0,0.6192190453477042,0.6035620869921661,0.6024091704339567,0.6212106331496464,0.6419701206987446,0.6269432154640072,0.1792664475851895,0.18416408554037403,0.17285084007200543,0.17541078541544614,0.17497100540940144,0.17733263280448333,0.16619255566976154,0.16467460891111466,0.15834818974581633,0.16493179749564446,0.1614048067807248,0.16311039172061234,0.6035620869921661,0.6024091704339567,0.6212106331496464,0.6419701206987446,0.6269432154640072,0.6192190453477042,0.5954577344264183,0.5942812488755367,0.6134670685803036,0.6346509408833867,0.619316841674515,0.611434766888032,2.537866433461507e-06,8.39838981628418e-05,1.813371976216634e-06,2.78860330581665e-06,2.659757932027181e-06,2.6759505271911623e-06,2.751648426055908e-06,8.110125859578451e-05,8.090853691101075e-05,7.97120730082194e-05,8.90664259592692e-05,8.913119633992512e-05
909,11,uniform,2.000535505832377,0.6156981504820106,0.5749169200827591,0.652028214329238,0.5975180147004413,0.6229914480704621,0.6310361552271523,0.1892710881065706,0.1685112012904097,0.17897003960381974,0.1887745166995338,0.1738513153660241,0.1798756322132716,0.17271407213045387,0.14917752256133734,0.16911347033076982,0.16400065723183863,0.15459812772841053,0.16192076999656205,0.5749169200827591,0.652028214329238,0.5975180147004413,0.6229914480704621,0.6310361552271523,0.6156981504820106,0.5662269763706519,0.6449146514194439,0.5892901035869921,0.6152842885761616,0.6234934531193599,0.6078418946145219,1.714507738749186e-06,0.0016150891780853272,2.144277095794678e-06,1.625816027323405e-06,1.6729036966959635e-06,1.5457471211751302e-06,1.5837947527567545e-06,0.002002366781234741,0.0015623772144317627,0.0014915243784586589,0.0014911643664042155,0.0015280131498972575
910,8,distance,2.0,0.617942156970879,0.6104663152876877,0.6411909504452699,0.604009034125797,0.6022864720367398,0.6317580129589007,0.1745239124427637,0.17539936285098157,0.18220836376107233,0.1794439421408121,0.17557827987239483,0.1774307722136049,0.16478032166593284,0.15645786131725364,0.1615797832087232,0.16899407346646628,0.16439392599931524,0.16324119313153823,0.6104663152876877,0.6411909504452699,0.604009034125797,0.6022864720367398,0.6317580129589007,0.617942156970879,0.6025031053787477,0.6338558421068428,0.5959138184690842,0.5941560421635557,0.624230067738299,0.610131775171306,1.617829004923503e-06,5.0185839335123696e-05,1.8002589543660482e-06,1.5549858411153158e-06,1.55945618947347e-06,1.5679995218912761e-06,1.606444517771403e-06,5.020896593729655e-05,5.014618237813314e-05,4.989465077718099e-05,4.949291547139486e-05,5.1186482111612955e-05
911,8,distance,2.0,0.6284505609296975,0.6150513971256266,0.6281526164835953,0.621357509904859,0.6435988736588059,0.6340924074756011,0.17649168071218527,0.1777909036866477,0.1703744531141785,0.17409299164582503,0.17598303304949192,0.1749466124416657,0.16777511644476875,0.16309213649016757,0.15887537393434636,0.15870948482303857,0.1581491542199071,0.16132025318244567,0.6150513971256266,0.6281526164835953,0.621357509904859,0.6435988736588059,0.6340924074756011,0.6284505609296975,0.6071819197244469,0.620550966394674,0.6136169479267641,0.6363129903264475,0.6266121841190546,0.6208550016982775,2.0910898844401043e-06,9.393922487894694e-05,1.84019406636556e-06,1.613299051920573e-06,3.7544965744018556e-06,1.6006827354431153e-06,1.6467769940694173e-06,9.980042775472005e-05,0.00010401129722595215,9.13850466410319e-05,8.649309476216634e-05,8.800625801086426e-05
912,8,distance,2.0,0.6257117744986657,0.5824023515071393,0.6706024589151962,0.6539379557107201,0.6550994497568257,0.566516656603447,0.18062794868826684,0.1633556584448513,0.17011484688359238,0.1743596176880144,0.1846387847491569,0.17461937129077634,0.17692458338477823,0.14918928110943128,0.15001804493292192,0.1549078618054251,0.18158273011408738,0.1625245002693288,0.5824023515071393,0.6706024589151962,0.6539379557107201,0.6550994497568257,0.566516656603447,0.6257117744986657,0.5738654319468082,0.6638686079901236,0.6468634335105985,0.6480486718983621,0.5576549868917627,0.618060226447531,2.398053805033366e-06,8.036335309346517e-05,1.7847617467244465e-06,2.6162465413411457e-06,2.5590260823567706e-06,2.4988253911336262e-06,2.5314092636108398e-06,8.108576138814291e-05,8.347948392232259e-05,8.08405876159668e-05,8.132735888163249e-05,7.508357365926107e-05
913,8,distance,2.0,0.6197767229861116,0.6382352481599154,0.5996398288715439,0.6525696378693475,0.5977306568225595,0.610708243207192,0.18120418220931242,0.1702954653176655,0.16898272092761038,0.17763497675095813,0.18617806471437795,0.17685908198398487,0.16193843533827515,0.1661184471364116,0.15186582818408095,0.16209339058964833,0.17231656540471235,0.16286653333062567,0.6382352481599154,0.5996398288715439,0.6525696378693475,0.5977306568225595,0.610708243207192,0.6197767229861116,0.6308397166061147,0.5914552938569928,0.6454671432431672,0.5895070927371604,0.6027499790138126,0.6120038450914496,2.4186372756958005e-06,7.420627276102702e-05,1.7763177553812662e-06,2.52226988474528e-06,2.496341864267985e-06,2.6418765385945636e-06,2.656380335489909e-06,7.781147956848145e-05,7.429242134094239e-05,7.560133934020997e-05,7.373690605163574e-05,6.958921750386556e-05
914,8,distance,2.0,0.6233161269832956,0.6136301409316648,0.6410154603295648,0.620613436763573,0.618399709476206,0.6229218874154694,0.17286671439042958,0.17423774650910484,0.18326370264540717,0.17600561682139926,0.17678898425724668,0.1766325529247175,0.16366781475471476,0.15898202514622597,0.16455068586125396,0.15899136521293747,0.16407094257674915,0.16205256671037627,0.6136301409316648,0.6410154603295648,0.620613436763573,0.618399709476206,0.6229218874154694,0.6233161269832956,0.605731608889382,0.6336767644589596,0.6128576637502218,0.6105986813905407,0.6152133058975573,0.6156156048773324,2.7479330698649087e-06,8.321483929951985e-05,1.8098950386047362e-06,2.7205546696980793e-06,2.6775399843851725e-06,2.7339657147725423e-06,3.797709941864014e-06,8.945306142171224e-05,8.8195006052653e-05,8.443713188171386e-05,7.890899976094563e-05,7.507999738057455e-05
915,6,uniform,2.002465130205662,0.5975667157993358,0.5817482133856074,0.615433817111755,0.5785352793691731,0.606928786590793,0.6051874825393507,0.1842670974908375,0.1771348129305954,0.18472725729224043,0.17828081165002246,0.1835174790240091,0.18158549167754096,0.16937702584596218,0.16351678707433281,0.17696157356231323,0.16013205069361267,0.1721331638958577,0.16842412021441572,0.5817482133856074,0.615433817111755,0.5785352793691731,0.606928786590793,0.6051874825393507,0.5975667157993358,0.5731979213253473,0.607572157495641,0.5699193055232278,0.5988932592297871,0.5971163578212455,0.5893398002790496,1.8644928932189939e-06,0.001637509743372599,1.799166202545166e-06,2.6827057202657064e-06,1.5751520792643229e-06,1.6685326894124348e-06,1.5969077746073406e-06,0.002092822790145874,0.001686395804087321,0.0016035819053649902,0.0013524925708770753,0.001452255646387736
916,8,distance,2.0,0.6189013072545273,0.625660750832856,0.6343639264828684,0.6212465526366631,0.5982073055385256,0.6150280007817231,0.16859845608124094,0.17929015036301418,0.1761991344739908,0.17889178463570574,0.18558492853218467,0.17771289081722727,0.1575924895276145,0.1568681892513153,0.1706472430221497,0.16351251790490504,0.16473772946628615,0.16267163383445415,0.625660750832856,0.6343639264828684,0.6212465526366631,0.5982073055385256,0.6150280007817231,0.6189013072545273,0.618008159708485,0.6268892537704228,0.6135037223668844,0.5899934855495347,0.6071580450907192,0.6111105332972093,1.5583833058675132e-06,4.887270927429199e-05,1.8130739529927571e-06,1.4870365460713705e-06,1.4895200729370116e-06,1.4824668566385905e-06,1.5198191006978354e-06,4.950404167175293e-05,4.833102226257324e-05,4.773577054341634e-05,4.8430760701497394e-05,5.036195119222005e-05
917,8,distance,2.0,0.6217882438511954,0.6112133098377938,0.6422727083101324,0.6143746743943195,0.5968206993182731,0.6442598273954581,0.18028400732163846,0.17393830338694963,0.1814182345050179,0.185001543051177,0.16568127331467422,0.17726467231589144,0.16187012695521125,0.15607031191328608,0.16123446355726728,0.17205064823779584,0.15866484589222188,0.16197807931115646,0.6112133098377938,0.6422727083101324,0.6143746743943195,0.5968206993182731,0.6442598273954581,0.6217882438511954,0.6032653706862665,0.6349597142721795,0.6064913627976105,0.5885785330351714,0.6369874558941726,0.6140564873370801,1.648386319478353e-06,5.013171831766765e-05,1.7976760864257813e-06,1.6248226165771485e-06,1.6088287035624186e-06,1.613001028696696e-06,1.5976031621297201e-06,4.976034164428711e-05,5.053281784057617e-05,5.086938540140788e-05,5.048672358194987e-05,4.900932312011719e-05
918,8,distance,2.0,0.6188929666458021,0.5973927021025738,0.6499311971852957,0.6158790161719929,0.647069528664328,0.5841923891048197,0.18718235583256804,0.17135654243569085,0.1682894922322815,0.1773725305468791,0.1783110220978282,0.17650238862904954,0.1733841931920704,0.15545066626788592,0.16270748445886551,0.1588117530726899,0.16859458931840596,0.16378973726198356,0.5973927021025738,0.6499311971852957,0.6158790161719929,0.647069528664328,0.5841923891048197,0.6188929666458021,0.589162229232439,0.6427747651004976,0.6080264577291716,0.6398545956898338,0.5756920631580699,0.6111020221820024,2.342700958251953e-06,8.565147717793783e-05,1.8187363942464192e-06,1.5720725059509277e-06,2.737541993459066e-06,2.7976433436075847e-06,2.787510553995768e-06,7.447481155395508e-05,8.587002754211426e-05,8.580803871154785e-05,9.065667788187663e-05,9.144783020019531e-05
919,6,distance,2.0010647215783477,0.6188575317293006,0.6369269688528618,0.6074447062665554,0.6349369226993957,0.6045627731369045,0.6104162876907859,0.17196623814342576,0.18277658418414855,0.1748690811026714,0.17933930422900138,0.17147040308872638,0.1760843221495947,0.16023167800783109,0.16766276269032995,0.1637778861536387,0.16927629075489511,0.15923630887566811,0.1640369852964726,0.6369269688528618,0.6074447062665554,0.6349369226993957,0.6045627731369045,0.6104162876907859,0.6188575317293006,0.6295046922365659,0.5994197258154459,0.6274739637085827,0.5964788775281189,0.6024520550711768,0.6110658628719781,1.657386620839437e-06,0.001329335371653239,1.8793344497680665e-06,1.659989356994629e-06,1.568297545115153e-06,1.572569211324056e-06,1.60674254099528e-06,0.0013666510581970214,0.0013318244616190593,0.0013062330087025961,0.0013140698273976644,0.0013278985023498534
920,8,distance,2.0,0.6281396283328905,0.6406150078525854,0.6405712349162929,0.6231754586751137,0.6307436560228457,0.605592784197615,0.16600941817415216,0.16753870809134702,0.17908498109877385,0.1779108132380657,0.18517364079707913,0.17514351227988356,0.15955899880864574,0.1615109062520894,0.16265137312523584,0.15929798004689447,0.16224482743172894,0.16105281713291889,0.6406150078525854,0.6405712349162929,0.6231754586751137,0.6307436560228457,0.605592784197615,0.6281396283328905,0.6332681255599637,0.6332234577765918,0.6154720608967514,0.6231949743742496,0.5975299450330006,0.6205377127281114,4.124601682027181e-06,0.00014011518160502115,2.22553809483846e-06,1.5470385551452636e-06,1.5914440155029296e-06,9.885728359222411e-06,5.373259385426839e-06,0.0001688226064046224,0.0001644587516784668,0.00015087326367696125,0.00013190825780232747,8.451302846272787e-05
921,8,distance,2.0,0.6162131200145503,0.6296345580573055,0.6057899494580921,0.6356723629913356,0.6323079396179669,0.5776607899480517,0.17534342262858268,0.17471816857790531,0.17619613312774063,0.17991300902360238,0.18265988931900384,0.17776612453536694,0.15442863783738778,0.1666957151842311,0.16129709550636329,0.16248226812430502,0.17436611829195062,0.16385396698884755,0.6296345580573055,0.6057899494580921,0.6356723629913356,0.6323079396179669,0.5776607899480517,0.6162131200145503,0.6220632031964668,0.5977311409291264,0.6282244385550426,0.624791236509646,0.5690269389759506,0.6083673916332465,2.8192599614461265e-06,8.90803337097168e-05,1.8046299616495769e-06,2.7313828468322756e-06,2.530515193939209e-06,2.5738279024759927e-06,4.455943902333578e-06,8.306423823038737e-05,7.80951976776123e-05,9.576121966044107e-05,9.585261344909669e-05,9.262839953104655e-05
922,15,distance,3.9978605823542472,0.5815426268202374,0.5869364876749433,0.6197629808794359,0.5673611502401349,0.5461596357356653,0.5874928795710073,0.18261390067587324,0.18800420520148037,0.1913150029442648,0.1919306071544179,0.18926402544737567,0.1886255482846824,0.1720346053043507,0.15424805055289853,0.16921741461153963,0.17886935828626457,0.16483045198639357,0.1678399761482894,0.5869364876749433,0.6197629808794359,0.5673611502401349,0.5461596357356653,0.5874928795710073,0.5815426268202374,0.5784922591435964,0.6119898220558468,0.5585167444528805,0.5368818088682513,0.5790600253203294,0.5729881319681809,2.3718674977620445e-06,0.001769093116124471,1.9484758377075194e-06,2.777278423309326e-06,2.698798974355062e-06,2.826253573099772e-06,1.6085306803385418e-06,0.002321498394012451,0.0019713695844014484,0.0020424954096476236,0.0013202198346455893,0.0011898823579152425
923,8,distance,2.0,0.619049523664921,0.6662561854194018,0.6016699458725474,0.6170198261349732,0.5876181161336753,0.6226835447640077,0.16349872831056156,0.17717463932232605,0.18005511897131085,0.18665001468615297,0.17456085743824665,0.17638787174571963,0.15456715492103662,0.1691006229392805,0.16540387086902458,0.16970556846819435,0.1600165582868525,0.1637587550968777,0.6662561854194018,0.6016699458725474,0.6170198261349732,0.5876181161336753,0.6226835447640077,0.619049523664921,0.6594334839288274,0.5935269123980509,0.6091905891905434,0.5791878220853006,0.6149700908239193,0.6112617796853284,2.7045011520385744e-06,9.028077125549317e-05,1.7318129539489746e-06,3.8025776545206706e-06,2.7029712994893394e-06,2.600053946177165e-06,2.685089906056722e-06,9.396950403849284e-05,8.716583251953126e-05,9.380102157592774e-05,8.689483006795247e-05,8.957266807556152e-05
924,8,distance,2.0,0.6269145440193812,0.6659666049415783,0.573943305956889,0.6129693683548141,0.6255377063785029,0.6561557344651215,0.17215415853673158,0.18863522919959513,0.17995499472855842,0.17492466013305943,0.16383272931351575,0.17590035438229207,0.15646617057991904,0.17863081336081904,0.1604606234606497,0.15436479101388328,0.15400516382210694,0.1607855124474756,0.6659666049415783,0.573943305956889,0.6129693683548141,0.6255377063785029,0.6561557344651215,0.6269145440193812,0.659137983577522,0.5652334587192105,0.6050573281848954,0.617882599864946,0.6491265501611717,0.619287584101549,2.3313363393147784e-06,6.460158030192057e-05,4.392365614573161e-06,2.676248550415039e-06,1.5124678611755371e-06,1.5286604563395183e-06,1.546939214070638e-06,9.603420893351237e-05,8.111317952473958e-05,4.89505132039388e-05,4.880825678507487e-05,4.810174306233724e-05
925,11,uniform,7.332866806937976,0.5579102091123245,0.5685022700940833,0.5666292982702532,0.555809502624655,0.5619792664119108,0.53663070816072,0.19301019628834348,0.1927025462605815,0.18767532229305345,0.1962923017487789,0.2005057130053664,0.19403721591922474,0.17106182922439347,0.16632043092246065,0.16584515790554957,0.18261950229717142,0.17627781107669888,0.1724249462852548,0.5685022700940833,0.5666292982702532,0.555809502624655,0.5619792664119108,0.53663070816072,0.5579102091123245,0.5596811921402995,0.5577699312842959,0.5467289473120415,0.5530248391494625,0.5271580820924553,0.548872598395711,2.411186695098877e-06,0.0015899535020192466,1.7911195755004883e-06,2.4674336115519207e-06,2.511143684387207e-06,2.75502602259318e-06,2.5312105814615887e-06,0.0016577613353729247,0.0015965052445729574,0.001702173948287964,0.0016124399503072103,0.0013808870315551757
926,12,uniform,7.130092935698019,0.5528325095448985,0.5381588220620339,0.5603103529302292,0.5607964231417983,0.5788031978026451,0.5260937517877861,0.20435416331029746,0.19496804812080748,0.1931760905946471,0.19936308869195773,0.18800438115501966,0.1959731543745459,0.17402164451824476,0.16853588144763595,0.17270392230934406,0.17365274667534553,0.17242894564489913,0.17226862811909388,0.5381588220620339,0.5603103529302292,0.5607964231417983,0.5788031978026451,0.5260937517877861,0.5528325095448985,0.5287174351195201,0.5513218081860431,0.5518178150969969,0.570192700994522,0.5164057194563609,0.5436910957706886,2.2545854250590004e-06,0.0015752484798431394,1.7981727917989095e-06,2.4262070655822753e-06,2.7740001678466796e-06,2.686480681101481e-06,1.5880664189656576e-06,0.0017459654808044433,0.0016585783163706462,0.0017338756720225016,0.0016078344980875652,0.001129988431930542
927,12,uniform,7.104689133297259,0.5494022398299201,0.5770986286143491,0.5320709433630407,0.5199734999056231,0.5490267729695715,0.5688413542970154,0.19034441889321632,0.19794469558648572,0.20018943885359974,0.1964604384842973,0.19693111504571206,0.19637402137266222,0.16332079084112924,0.1819189135576634,0.17739030067564227,0.17543678359962056,0.16892969384916684,0.17339929650464447,0.5770986286143491,0.5320709433630407,0.5199734999056231,0.5490267729695715,0.5688413542970154,0.5494022398299201,0.5684532854173682,0.5225051023415015,0.5101603516924502,0.5398075587883702,0.5600272082179085,0.5401907012915197,1.598040262858073e-06,0.0010277401606241863,1.7779072125752767e-06,1.5309453010559081e-06,1.536707083384196e-06,1.5487273534138998e-06,1.595914363861084e-06,0.0011679991086324057,0.0009975977738698324,0.0009827272097269694,0.0010089270273844402,0.0009814496835072834
928,11,uniform,7.059408566763716,0.561003653316124,0.5525266261170103,0.5741144180509399,0.5701513020723216,0.5303270665246509,0.5778988538156977,0.201052182140453,0.19147993838777058,0.18920273778688174,0.19201467533279326,0.19073355053121932,0.1928966168358236,0.17728413850585442,0.1678745712649709,0.1717748728432281,0.17841554283414415,0.16581247788089445,0.17223232066581842,0.5525266261170103,0.5741144180509399,0.5701513020723216,0.5303270665246509,0.5778988538156977,0.561003653316124,0.5433789591892491,0.5654080688458484,0.5613639351640897,0.5207255755507085,0.5692698695666149,0.5520292816633021,2.4793545405069985e-06,0.0016782906850179038,1.7856558163960774e-06,2.7945637702941893e-06,2.6781360308329263e-06,2.5058786074320474e-06,2.6325384775797525e-06,0.0018814659118652343,0.0015942660967508953,0.001650536855061849,0.0016952415307362875,0.0015699430306752523
929,12,uniform,7.0982419972107635,0.5531221153019997,0.575841482015591,0.5545068981987521,0.5528755950271956,0.5562683539360667,0.5261182473323932,0.19027814986364652,0.18807749647932934,0.19498353247254196,0.20461926026267283,0.19865364290099252,0.19532241639583664,0.17244805095034035,0.17221994696066711,0.16983441883090036,0.16870935416327887,0.1823846419536159,0.1731192825717605,0.575841482015591,0.5545068981987521,0.5528755950271956,0.5562683539360667,0.5261182473323932,0.5531221153019997,0.5671704390584992,0.5453997138348425,0.5437350620464909,0.5471971788887631,0.5164307157616754,0.5439866219180542,2.049704392751058e-06,0.0014143284956614176,1.8207232157389323e-06,2.6456514994303383e-06,2.607305844624837e-06,1.6336639722188315e-06,1.5411774317423502e-06,0.0017489469051361083,0.001704172690709432,0.0016058448950449626,0.0010071774323781332,0.0010055005550384521
930,12,uniform,6.893721658212675,0.5655635120049578,0.5605126744210395,0.5861051734214335,0.5540409926022877,0.5800562038672428,0.5471025157127852,0.19239275887371782,0.18230703028646422,0.1946671847463012,0.1947871495803289,0.20069990162441717,0.19297080502224587,0.1705147907188037,0.15882127147380617,0.171319000325621,0.16748282220096977,0.181965687041709,0.17002071435218194,0.5605126744210395,0.5861051734214335,0.5540409926022877,0.5800562038672428,0.5471025157127852,0.5655635120049578,0.5515282657209586,0.5776439503908666,0.5449242837628114,0.57147132217458,0.5378439640748864,0.5566823572248205,2.0931561787923178e-06,0.0015123719374338786,1.7861525217692056e-06,1.6051530838012695e-06,2.6961167653401693e-06,2.7715166409810385e-06,1.6068418820699055e-06,0.001660034656524658,0.0017246381441752116,0.0017136470476786295,0.0014494113127390543,0.0010141285260518392
931,12,uniform,7.085114902535159,0.5567575076511304,0.5186922632399695,0.5506400353562847,0.5564558189210136,0.5842815737773399,0.5737178469610441,0.19919140616063685,0.19162631130238997,0.19334067305858202,0.19185072468002004,0.1970874955074499,0.19461932214181576,0.1803483410389617,0.17710323734499384,0.16939207487740257,0.16550795837595544,0.16888058635261777,0.17224643959798627,0.5186922632399695,0.5506400353562847,0.5564558189210136,0.5842815737773399,0.5737178469610441,0.5567575076511304,0.5088529227951308,0.541453800985374,0.5473884762073035,0.5757830710266212,0.565003390680861,0.5476963323390581,1.627504825592041e-06,0.0011751612822214763,1.8883744875590008e-06,1.5659133593241375e-06,1.544654369354248e-06,1.6131997108459473e-06,1.5253822008768716e-06,0.0018525636196136475,0.0010039504369099934,0.0009951368967692057,0.0009970684846242269,0.0010270869731903076
932,11,uniform,7.084526484048306,0.5526777872329897,0.520274826435166,0.5487912707499696,0.5873595720085317,0.567598799555501,0.5393644674157796,0.19676397647300503,0.19987741470688775,0.18665058432042295,0.19848814582912055,0.18939015780600352,0.19423405582708797,0.17874050343478481,0.17947709841173765,0.16176415724674761,0.17792358738806877,0.1737019156358812,0.17432145242344402,0.520274826435166,0.5487912707499696,0.5873595720085317,0.567598799555501,0.5393644674157796,0.5526777872329897,0.5104678382191898,0.5395672422133421,0.5789239925606653,0.5587592520166016,0.5299477273970221,0.5435332104813642,2.612670262654622e-06,0.0015979754130045574,1.9069512685139973e-06,2.7905901273091635e-06,2.7495622634887697e-06,2.8052926063537596e-06,2.8109550476074217e-06,0.0017193988958994547,0.0016896939277648926,0.0016688958803812663,0.0016277440388997395,0.0012841443220774332
933,9,uniform,4.408727701460117,0.5703778837326106,0.5349598433139227,0.5460726023207781,0.5887296981905938,0.5885307287280287,0.5935965461097292,0.1936414678502244,0.1904586825541467,0.18242599314282298,0.1880650066876682,0.19114801562805828,0.1891478331725841,0.17851833425115624,0.18044321612147846,0.159947674112963,0.17201734529932722,0.16863425513361358,0.1719121649837077,0.5349598433139227,0.5460726023207781,0.5887296981905938,0.5885307287280287,0.5935965461097292,0.5703778837326106,0.5254530598722993,0.5367929962353426,0.5803221281365685,0.5801190911551775,0.5852884686877816,0.5615951488174339,2.4933218955993654e-06,0.0014806498686472575,1.8157561620076498e-06,3.877778848012289e-06,2.514918645222982e-06,2.705852190653483e-06,1.5523036321004232e-06,0.0018118353684743245,0.0016708576679229736,0.0017428354422251383,0.0011471704641977947,0.0010305504004160563
934,10,uniform,4.511700417825859,0.579349826170799,0.5764275005118988,0.5992692648262408,0.5960340146780893,0.5382641256649534,0.586754225172813,0.1851844360245999,0.18481069049023915,0.18363477792862334,0.19797432812510357,0.18879802543016838,0.18808045159974687,0.16922506511813762,0.16356262515250658,0.1649878174420106,0.17499774429548431,0.17243403528777645,0.16904145745918311,0.5764275005118988,0.5992692648262408,0.5960340146780893,0.5382641256649534,0.586754225172813,0.579349826170799,0.5677684374899956,0.5910771543967942,0.5877757662558355,0.5288248914366389,0.5783062706618654,0.5707505040482259,2.319216728210449e-06,0.0013384223779042562,1.9008914629618326e-06,2.6511152585347493e-06,3.8156906763712565e-06,1.6527374585469563e-06,1.575648784637451e-06,0.001761108636856079,0.0017889567216237386,0.001085352102915446,0.001019189755121867,0.0010375046730041503
935,9,uniform,4.424292731393951,0.5718579758782201,0.6245685695114354,0.536919158751002,0.5656371609523994,0.5963634143195748,0.5358015758566887,0.17775146375338918,0.1995284908286268,0.19625170259719216,0.182463106155373,0.18829640508154566,0.18885823368322535,0.1596476057919156,0.1865498076382306,0.16816202108004874,0.1655136461612131,0.17826206277306225,0.17162702868889407,0.6245685695114354,0.536919158751002,0.5656371609523994,0.5963634143195748,0.5358015758566887,0.5718579758782201,0.6168936510005958,0.5274524294580072,0.5567575117725506,0.5881118997911845,0.5263119998946448,0.5631054983833966,1.6305843989054361e-06,0.0011111567815144858,1.845260461171468e-06,1.6315778096516928e-06,1.5460451443990071e-06,1.5766421953837078e-06,1.5533963839213054e-06,0.0015270650386810304,0.001000144879023234,0.001008979876836141,0.0010163907210032144,0.0010032033920288085
936,9,uniform,4.658331553698803,0.5718298787585082,0.5621476483804082,0.5573204330204091,0.5600383633683268,0.6011162706479363,0.5785266783754608,0.19094469205581552,0.19529592652947667,0.18835055743170795,0.1830720113841612,0.18806272085842432,0.18914518165191713,0.17998235661807083,0.17518795005447013,0.16713887150558834,0.16521977566714952,0.17159975843005945,0.17182574245506765,0.5621476483804082,0.5573204330204091,0.5600383633683268,0.6011162706479363,0.5785266783754608,0.5718298787585082,0.5531966633387811,0.5482707655523426,0.5510442583605242,0.5929619184294954,0.5699105287000017,0.563076826876229,2.829452355702718e-06,0.001622715870539347,1.8218159675598145e-06,3.318488597869873e-06,2.706944942474365e-06,3.471970558166504e-06,2.8280417124430338e-06,0.0016893362998962403,0.0017649134000142415,0.001785196860631307,0.0015563023090362548,0.0013178304831186931
937,9,uniform,4.234475164422555,0.5732762677241128,0.6209620017773175,0.5790168605464859,0.5639179246984236,0.5481644918696174,0.5543200597287192,0.17080560887588797,0.1898133706134005,0.19115038528958253,0.2001213900582585,0.19279649201543753,0.18893744937051338,0.15735463107523973,0.17390530881153102,0.16884358870639177,0.18430235181286406,0.17207403681120576,0.1712959834434465,0.6209620017773175,0.5790168605464859,0.5639179246984236,0.5481644918696174,0.5543200597287192,0.5732762677241128,0.6132133544541962,0.5704107316309115,0.5550031292919178,0.5389276501361172,0.5452090558390167,0.5645527842704319,1.6301671663920085e-06,0.001064751942952474,1.8425782521565756e-06,1.6453862190246582e-06,1.52359406153361e-06,1.5723705291748046e-06,1.566906770070394e-06,0.00120559295018514,0.0010587255160013835,0.0009949954350789388,0.00106168270111084,0.0010027631123860677
938,10,uniform,4.39638222660937,0.5638381353096419,0.5878514487557269,0.5675735122748506,0.5485837586292189,0.5387872696055749,0.5763946872828377,0.1847708867911572,0.18821293003938452,0.1919630469763031,0.19629288911917517,0.19258023446166833,0.19076399747753764,0.16570783979579096,0.16697484869280924,0.1721432690923834,0.1853529381912048,0.176477435997226,0.17333126635388288,0.5878514487557269,0.5675735122748506,0.5485837586292189,0.5387872696055749,0.5763946872828377,0.5638381353096419,0.5794259247098474,0.5587334477898391,0.5393554879368009,0.5293587299722987,0.5677349534623846,0.5549217087742342,2.8755664825439453e-06,0.0016922204494476318,3.7201245625813802e-06,1.549522082010905e-06,2.670586109161377e-06,2.6264786720275878e-06,3.8111209869384764e-06,0.001940238873163859,0.0017296071847279866,0.0018105963865915934,0.001739042599995931,0.0012416172027587891
939,9,uniform,4.458348663261512,0.5742064697308298,0.5708181015149727,0.5734503368527837,0.6053837994893634,0.5576269762585983,0.5637531345384313,0.1833962121295052,0.1954957004592914,0.18067461080104988,0.19196092217944638,0.1928526062799805,0.18887601036985466,0.1683024453017394,0.17693631032617346,0.1650239378601382,0.17089378568253277,0.17244499557013487,0.17072029494814372,0.5708181015149727,0.5734503368527837,0.6053837994893634,0.5576269762585983,0.5637531345384313,0.5742064697308298,0.5620443659411731,0.5647304118821421,0.5973166880649552,0.548583575432539,0.5548349703381948,0.5655020023318008,2.4602810541788735e-06,0.0016499213377634686,1.824498176574707e-06,2.6331345240275067e-06,3.4726659456888833e-06,2.7800599733988443e-06,1.591046651204427e-06,0.0017651569843292235,0.00170873761177063,0.001783198912938436,0.0016522586345672607,0.001340254545211792
940,8,distance,2.0,0.6144831284035257,0.5908944356783036,0.6104434620971748,0.6122772510909846,0.6594080596075058,0.599392433543659,0.17583220707789618,0.1782077888426769,0.18415866357695415,0.16948280922812003,0.1835085701608331,0.17823800777729606,0.16781939264712717,0.1631908909182247,0.16222212442051318,0.1557990298199921,0.1710504709058652,0.1640163817423445,0.5908944356783036,0.6104434620971748,0.6122772510909846,0.6594080596075058,0.599392433543659,0.6144831284035257,0.5825311192015398,0.6024797850020575,0.6043510620161836,0.6524453623592776,0.5912028410436998,0.6066020339245517,3.525773684183756e-06,9.92271900177002e-05,1.8527110417683919e-06,1.648863156636556e-06,1.5780329704284669e-06,5.498627821604411e-06,7.050633430480957e-06,9.246110916137695e-05,9.359240531921387e-05,0.00010930140813191732,0.00010487198829650879,9.590903917948404e-05
941,8,distance,2.0,0.6201544779451946,0.6112604579522622,0.6502040786397496,0.6267427777033858,0.6260083685694633,0.5865567068611128,0.18019503419283078,0.16671871405963443,0.1784000409906156,0.17977537559835371,0.17980049201511625,0.17697793137131018,0.16167606973684828,0.16119525266652918,0.16669407226256117,0.158403689979148,0.16625752131855984,0.1628453211927293,0.6112604579522622,0.6502040786397496,0.6267427777033858,0.6260083685694633,0.5865567068611128,0.6201544779451946,0.603313482646346,0.6430532250514651,0.6191123063787531,0.6183628837702019,0.5781047144971152,0.6123893224687762,2.43916114171346e-06,9.064650535583496e-05,1.7836689949035645e-06,4.47233517964681e-06,2.8270483016967773e-06,1.5349189440409342e-06,1.5778342882792155e-06,0.0001350518067677816,0.00011804779370625814,0.00010359525680541992,4.8030614852905276e-05,4.85070546468099e-05
942,13,uniform,3.552890652108377,0.5772716408324176,0.5488417854706508,0.5884273199936372,0.5852260789963295,0.5851550785769593,0.5787079411245113,0.1989737558684708,0.19196264006230304,0.18136116648394202,0.18813096434942342,0.1923820041512132,0.1905621061830705,0.17231849227719165,0.16593190319882017,0.1629416310603957,0.16723774225536336,0.17039154890258995,0.16776426353887217,0.5488417854706508,0.5884273199936372,0.5852260789963295,0.5851550785769593,0.5787079411245113,0.5772716408324176,0.5396187896029299,0.5800135684432516,0.576746884699832,0.5766744328238477,0.5700954969907706,0.5686298345121263,2.5041699409484862e-06,0.0020526859760284424,1.8880764643351236e-06,2.779364585876465e-06,2.5992592175801596e-06,2.687672773996989e-06,2.5664766629536945e-06,0.002325057586034139,0.0019257605075836183,0.0020780150095621743,0.0019900747140248615,0.0019445220629374187
943,8,distance,2.0,0.6167481660359091,0.5760094224440755,0.6233697942308883,0.6342278503133072,0.6631338425352005,0.5869999206560734,0.1872667521756582,0.17301061802760795,0.1709585831572834,0.17326050461919298,0.18404204011973144,0.1777076996198948,0.17845242580869258,0.15974610882695375,0.15510750981661273,0.14786846538156131,0.17625569863736243,0.16348604169423656,0.5760094224440755,0.6233697942308883,0.6342278503133072,0.6631338425352005,0.5869999206560734,0.6167481660359091,0.5673418126814331,0.615670369240719,0.6267503958052317,0.6562473112071296,0.5785569888807292,0.6089133755630485,2.491772174835205e-06,8.519379297892253e-05,1.7711520195007324e-06,2.6517113049825035e-06,2.6374061902364096e-06,2.731184164683024e-06,2.667407194773356e-06,9.135603904724121e-05,8.514642715454101e-05,8.289933204650879e-05,8.18792978922526e-05,8.4687868754069e-05
944,8,distance,4.755630262065152,0.5677651284407875,0.5889242452295286,0.548709220994843,0.5375226156983262,0.6033320548833178,0.5603375053979218,0.18689773697977666,0.1887791959253052,0.20081834015862593,0.18472216387145943,0.18859263836044413,0.1899620150591223,0.16887637292214752,0.16981886371184804,0.1808462275096114,0.16596488998252157,0.17594669729878887,0.1722906102849835,0.5889242452295286,0.548709220994843,0.5375226156983262,0.6033320548833178,0.5603375053979218,0.5677651284407875,0.5805206522870316,0.5394835151208023,0.528068222833556,0.5952229997872357,0.5513495157297362,0.5589289811516724,2.0613670349121096e-06,0.0014267485936482747,1.8411874771118164e-06,1.6416112581888835e-06,2.601444721221924e-06,2.6764472325642905e-06,1.5461444854736329e-06,0.0016268448034922282,0.0016114119688669841,0.0016958196957906088,0.0012006799379984537,0.000998986562093099
945,15,uniform,9.13555981747174,0.5358897618095806,0.5098720231381344,0.55615197486121,0.5359882840050181,0.5382277456213376,0.5392087814222026,0.21421912856492317,0.19788832661471992,0.2004494275205652,0.19566782832794438,0.19295636907557756,0.20023621602074604,0.18487180500847883,0.17203397744993515,0.17229364402884795,0.16872779945616684,0.17585531283960337,0.17475650775660645,0.5098720231381344,0.55615197486121,0.5359882840050181,0.5382277456213376,0.5392087814222026,0.5358897618095806,0.49985237114095826,0.5470784206846079,0.5265025249046096,0.5287877676783326,0.5297888587255526,0.5264019886268121,1.6022324562072754e-06,0.0010203756491343184,1.8063187599182129e-06,1.5409787495930989e-06,1.5514095624287923e-06,1.591344674428304e-06,1.5211105346679687e-06,0.0010349782307942708,0.001016308069229126,0.0010384762287139894,0.0010272447268168132,0.000984870990117391
946,9,distance,5.126892336267052,0.5800655951468716,0.6033076363115462,0.6092810095733031,0.5702520511466573,0.5381668858782251,0.5793203928246262,0.1767409565079644,0.18693736330317487,0.1970320258259223,0.18759554361657482,0.19237898610828055,0.1881369750723834,0.1605911235530009,0.16433638411023946,0.17722091242097632,0.1753484626882033,0.16653796166108284,0.16880696888670055,0.6033076363115462,0.6092810095733031,0.5702520511466573,0.5381668858782251,0.5793203928246262,0.5800655951468716,0.5951980820283069,0.6012935685424337,0.5614667438447152,0.5287256637837425,0.570720468998213,0.5714809054394824,2.262711524963379e-06,0.001264439423878988,1.8050273259480795e-06,2.5670727094014487e-06,3.712177276611328e-06,1.6498565673828125e-06,1.579423745473226e-06,0.0015474549929300945,0.0016733845074971517,0.0011387781302134197,0.0009716598192850748,0.0009909196694691976
947,15,uniform,8.963799295299289,0.5386134641009608,0.5444984604874434,0.5230092748050406,0.5473320957648826,0.5393824255809696,0.5388450638664676,0.19611968211046427,0.20652017681594767,0.1952799154381938,0.20638098740501856,0.19736034037257966,0.2003322204284408,0.17334621473646164,0.1719678122090411,0.17353093076480774,0.1775326873755558,0.17312933048441786,0.17390139511405683,0.5444984604874434,0.5230092748050406,0.5473320957648826,0.5393824255809696,0.5388450638664676,0.5386134641009608,0.5351866743304576,0.5132581867260977,0.5380782374159535,0.5299660526797287,0.52941770571723,0.5291813713738935,2.5382240613301595e-06,0.0016222195625305174,1.8665194511413575e-06,2.6872754096984864e-06,2.753237883249919e-06,2.6108821233113608e-06,2.7732054392496743e-06,0.0016641592979431152,0.0017365825176239014,0.0018097126483917236,0.0016594473520914713,0.0012411959966023762
948,15,uniform,3.4674967282471494,0.5807786372326973,0.5739350281163365,0.5688443095003685,0.5954472436847602,0.5846797771186568,0.5809868277433645,0.19860013496776344,0.18840595847146394,0.17742694879937426,0.19073101196263034,0.1929103982139597,0.18961489048303834,0.16831766128493017,0.16673930984404514,0.16364161394988197,0.16992625428765842,0.1674137450960424,0.16720771689251163,0.5739350281163365,0.5688443095003685,0.5954472436847602,0.5846797771186568,0.5809868277433645,0.5807786372326973,0.5652250116553417,0.5600302238342771,0.5871769999440739,0.5761894148110314,0.5724209707296002,0.5722085241948648,2.3383100827534994e-06,0.0018954673608144123,1.8509229024251303e-06,2.656280994415283e-06,2.7800599733988443e-06,2.793570359547933e-06,1.610716183980306e-06,0.0020416696866353353,0.002181393305460612,0.002014222542444865,0.0019393972555796306,0.0013006540139516194
949,8,distance,4.987638523785259,0.5741636448832865,0.5338157032451937,0.5787709856733843,0.5877710051545759,0.5896954649085275,0.5807650654347516,0.19618948878585252,0.19046596138474464,0.1869845333131389,0.18144685538085123,0.18848170782539234,0.18871370933799592,0.18499888365156456,0.1681327473295201,0.16951767854539315,0.1610986843196067,0.16974388624711267,0.17069837601863944,0.5338157032451937,0.5787709856733843,0.5877710051545759,0.5896954649085275,0.5807650654347516,0.5741636448832865,0.5242855302280596,0.5701598303549525,0.5793438366057768,0.5813076379560613,0.5721946749496016,0.5654583020188904,1.6166766484578451e-06,0.0009714735349019368,1.8384059270222982e-06,1.5743573506673177e-06,1.5348196029663086e-06,1.5394886334737142e-06,1.5963117281595866e-06,0.0010299527645111085,0.0009560251235961914,0.0009390679995218913,0.0009742224216461182,0.000958099365234375
950,14,uniform,3.374475578504457,0.5878080188362109,0.585969071779874,0.599350933539336,0.5821419489197418,0.5897028534593878,0.5818752864827155,0.19500712811835252,0.17761179087137524,0.188744670841976,0.1864751963689264,0.18770262567105314,0.18710828237433666,0.17115175502635668,0.16471575640795325,0.16650437580085423,0.16825773908160163,0.1632661985148697,0.16677916496632708,0.585969071779874,0.599350933539336,0.5821419489197418,0.5897028534593878,0.5818752864827155,0.5878080188362109,0.5775050664329548,0.591160492657687,0.5735997059675049,0.5813151775505507,0.5733275921689038,0.5793816069555202,2.0011464754740394e-06,0.0012494846979777016,3.8043657938639324e-06,1.542369524637858e-06,1.5361110369364422e-06,1.5707810719807942e-06,1.5521049499511718e-06,0.001346275011698405,0.0012562008698781331,0.001221386194229126,0.0012241089344024658,0.0011994524796803791
951,9,distance,5.364470885385719,0.5668880519134134,0.5194746522600947,0.5504462069772457,0.5732712893155165,0.585235193031993,0.6060129179822169,0.19538754526886895,0.18495725939498808,0.1921747794522411,0.1868669999790591,0.19063875078092668,0.19000506697521677,0.17897692789461064,0.17014708445767537,0.17505482251264093,0.17105318680708917,0.16738906063601403,0.17252421646160604,0.5194746522600947,0.5504462069772457,0.5732712893155165,0.585235193031993,0.6060129179822169,0.5668880519134134,0.5096513061393471,0.5412560101863206,0.5645477040885765,0.57675618505309,0.5979586675832163,0.5580339746101102,2.290546894073486e-06,0.0014905261198679604,1.8329421679178873e-06,2.769033114115397e-06,2.71687904993693e-06,2.570748329162598e-06,1.5631318092346192e-06,0.001590515375137329,0.0016809566815694174,0.0017025963465372722,0.0015152156352996825,0.0009633465607961018
952,9,distance,5.11605913175744,0.5760444494850713,0.552628105615605,0.5486417789673799,0.579131658955907,0.5918842507854186,0.607936453101046,0.19328820444273676,0.20325925067920408,0.18741542586707893,0.17455791377598692,0.18439018866292345,0.18858219668558604,0.18042657405860657,0.18428098963414216,0.16673187332402292,0.16360342209873907,0.15723928472219784,0.1704564287675417,0.552628105615605,0.5486417789673799,0.579131658955907,0.5918842507854186,0.607936453101046,0.5760444494850713,0.5434825132261455,0.5394146943806823,0.5705278768561981,0.5835411690297543,0.599921525396127,0.5673775557777814,2.236207326253255e-06,0.0014008054733276368,1.8516182899475098e-06,2.6514132817586264e-06,2.4846196174621583e-06,2.6473402976989746e-06,1.5460451443990071e-06,0.001601632038752238,0.0015650065739949545,0.0016893744468688965,0.0011602365970611573,0.0009877777099609375
953,15,uniform,8.957628603632337,0.5459375934261751,0.5888646279358096,0.5500637303251762,0.47200241148648014,0.563940045227517,0.5548171521558926,0.18949558884228979,0.20173339222405934,0.21578168205933962,0.18927441611016632,0.19830253953051039,0.1989175237532731,0.15898580321158579,0.1670730753926374,0.19522980420431274,0.16617582437497852,0.17104255501288243,0.17170141243927936,0.5888646279358096,0.5500637303251762,0.47200241148648014,0.563940045227517,0.5548171521558926,0.5459375934261751,0.5804598162411414,0.5408657145907675,0.46120859366337574,0.5550257020294423,0.5457163102919584,0.536655227363337,2.0806590716044106e-06,0.0014880757331848145,1.7963846524556477e-06,2.852181593577067e-06,2.626975377400716e-06,1.5872716903686523e-06,1.5404820442199706e-06,0.0017230081558227538,0.0017835080623626709,0.0016925851504007974,0.0012075253327687582,0.0010337519645690918
954,14,uniform,3.488287156080662,0.5839258045555014,0.5629591165088308,0.5961042313073789,0.5715705693054683,0.6219320054693693,0.5670631001864592,0.1934166401996016,0.18818491222476502,0.18397782742911126,0.18264620083382715,0.18939073406830229,0.18752326295112148,0.17410198213112466,0.16447720141604985,0.1692832077085612,0.15563827546200362,0.17553385312496925,0.16780690396854173,0.5629591165088308,0.5961042313073789,0.5715705693054683,0.6219320054693693,0.5670631001864592,0.5839258045555014,0.5540247202534747,0.5878474183187734,0.5628122163781525,0.6142031878639731,0.5582126013827753,0.5754200288394298,2.5037328402201337e-06,0.001896660566329956,1.925230026245117e-06,2.6755531628926596e-06,2.626975377400716e-06,2.7079383532206216e-06,2.5829672813415528e-06,0.001973835229873657,0.0020739618937174477,0.0019863760471343994,0.002006764014561971,0.0014423656463623047
955,8,distance,5.172660085771039,0.5779412181880786,0.5490335601494266,0.584638730675711,0.5945550166265436,0.5843627354260994,0.577116048062613,0.19194349453249704,0.18776349472765,0.19084469835453813,0.18304458668776832,0.18474629223250327,0.18766851330699136,0.17769435096804478,0.17308789147468942,0.16546458295737826,0.16763300559634642,0.1693587942659346,0.1706477250524787,0.5490335601494266,0.584638730675711,0.5945550166265436,0.5843627354260994,0.577116048062613,0.5779412181880786,0.539814484718069,0.5761475292585194,0.5862665331504253,0.5758658918572974,0.5684710609701962,0.5693130999909015,2.7618606885274253e-06,0.0015117135047912598,1.7975767453511557e-06,2.5494893391927083e-06,3.2767653465270997e-06,3.3496816953023273e-06,2.8357903162638347e-06,0.0015326428413391113,0.0015850035349527995,0.0015932663281758627,0.0015190096696217855,0.00132864514986674
956,15,uniform,6.353193900104416,0.5488349622370107,0.5369370423540046,0.5726561472606333,0.5355894235987941,0.5378871174242132,0.5611050805474085,0.20096410039214122,0.20043926439939,0.20512683118833153,0.19415674905840585,0.1902834590457919,0.1981940808168121,0.17517315530356964,0.16885490179320942,0.17438988117176155,0.170811092115634,0.16898468584789628,0.17164274324641418,0.5369370423540046,0.5726561472606333,0.5355894235987941,0.5378871174242132,0.5611050805474085,0.5488349622370107,0.5274706786542569,0.5639199867276309,0.5260955106229603,0.5284401760427662,0.5521327823643913,0.5396118268824012,2.507766087849935e-06,0.001688353141148885,1.7750263214111329e-06,2.687076727549235e-06,2.638101577758789e-06,2.732972304026286e-06,2.7056535085042316e-06,0.0017849767208099364,0.0018321895599365235,0.0018088277180989584,0.0017779123783111571,0.0012378593285878499
957,15,uniform,6.139549824266904,0.5544045665823976,0.5114523456005764,0.5437683754774222,0.5697051537964136,0.5812469005212708,0.5658500575163049,0.20253680570931054,0.19357320008328288,0.19462769329441945,0.18978414127876264,0.19959238163009113,0.19602284439917333,0.18350444605562566,0.1739482764574491,0.17070486187993186,0.16045078047329575,0.16935233012578793,0.17159213899841808,0.5114523456005764,0.5437683754774222,0.5697051537964136,0.5812469005212708,0.5658500575163049,0.5544045665823976,0.5014650000251197,0.5344416642435705,0.5609086663101392,0.5726863601571401,0.556974760566042,0.5452952902604024,1.61441167195638e-06,0.0011245139439900716,1.8082062403361002e-06,1.5448530515034993e-06,1.5598535537719728e-06,1.5902519226074219e-06,1.5688935915629068e-06,0.0012850324312845866,0.0011100228627522787,0.0010919674237569173,0.0010532633463541667,0.0010822836558024088
958,15,uniform,6.271633101683548,0.5511793688464438,0.5524719378874023,0.5498146677730924,0.5729099990151094,0.5239900334479142,0.5567102061087007,0.19822954356245598,0.19530292683009082,0.1830473020585255,0.20315939980095513,0.20769513688465172,0.19748686182733582,0.16676252217061985,0.1787043812786262,0.1613887142149322,0.17315335188656628,0.17625050615854398,0.1712518951418577,0.5524719378874023,0.5498146677730924,0.5729099990151094,0.5239900334479142,0.5567102061087007,0.5511793688464438,0.5433231529719829,0.5406115604703277,0.5641790279557931,0.5142589949494047,0.5476480638145004,0.5420041600324018,2.482453982035319e-06,0.0015845315456390382,1.7714500427246093e-06,2.5005141894022624e-06,3.8134058316548664e-06,2.6777386665344237e-06,1.649161179860433e-06,0.0016949820518493653,0.0018721457322438558,0.0017811512947082519,0.0014835540453592936,0.0010908246040344238
959,15,uniform,3.4870490765090647,0.5814807731508067,0.5669688137497149,0.6199976112832352,0.5579564049155209,0.6166348476975454,0.5458461881080172,0.1920763927344636,0.17870497240429883,0.20437709464448053,0.1768517320852923,0.19463668487609084,0.18932937534892524,0.1725110152289857,0.15849403249437513,0.17772581214591487,0.15421458842398533,0.17157683951295685,0.16690445756124359,0.5669688137497149,0.6199976112832352,0.5579564049155209,0.6166348476975454,0.5458461881080172,0.5814807731508067,0.5581163874549901,0.6122292489926029,0.5489197385764855,0.6087977406658087,0.5365619534526445,0.5729250138285064,2.284526824951172e-06,0.001857556184132894,1.8092989921569824e-06,2.553860346476237e-06,2.737144629160563e-06,2.75800625483195e-06,1.564323902130127e-06,0.0020752942562103274,0.0021597778797149657,0.001977417469024658,0.0017947979768117269,0.0012804933389027914
960,8,distance,2.0,0.6291558948423527,0.6255268309658928,0.6562195294230817,0.6404119617905772,0.5991829531413797,0.6244381988908319,0.17333729147974458,0.1668984384171803,0.17385106555843716,0.18044281188330988,0.17898180621317739,0.17470228271036986,0.1572598312808876,0.14861018204988052,0.1650816734810867,0.17396859168407777,0.16100495036292278,0.1611850457717711,0.6255268309658928,0.6562195294230817,0.6404119617905772,0.5991829531413797,0.6244381988908319,0.6291558948423527,0.6178715021270353,0.6491916492750016,0.6330609286414919,0.5909890782481881,0.6167606152225014,0.6215747547028437,2.7446349461873373e-06,0.00010305237770080567,1.8334388732910157e-06,2.8754274050394694e-06,3.240704536437988e-06,1.5810132026672362e-06,4.192590713500977e-06,0.00010178248087565105,0.00010570526123046875,0.00010404706001281738,0.00010554273923238119,9.818434715270996e-05
961,8,distance,2.0,0.6177685475838424,0.6165605219014328,0.6026667875029229,0.6429950082249083,0.6201702494875302,0.6064501708024177,0.1712462133006075,0.1863679219218831,0.1735432972206659,0.1776565749076352,0.1762722966793596,0.17701726080603025,0.16048143543942364,0.1719538370280536,0.1563328631919312,0.15861892897323063,0.17258373345052533,0.16399415961663288,0.6165605219014328,0.6026667875029229,0.6429950082249083,0.6201702494875302,0.6064501708024177,0.6177685475838424,0.6087218954326377,0.5945441323922501,0.6356967801136628,0.61240541642765,0.5984048591322797,0.6099546166996961,2.845982710520426e-06,8.755850791931153e-05,1.8221139907836914e-06,4.076957702636719e-06,2.718071142832438e-06,2.837181091308594e-06,2.7755896250406903e-06,8.068482081095378e-05,7.722814877827963e-05,9.705146153767904e-05,9.134451548258464e-05,9.148359298706054e-05
962,8,distance,2.0,0.6253541003756393,0.6689897079857698,0.6279219748794014,0.6354039343037479,0.6017791344437698,0.5926757502655078,0.17390528751914766,0.17548715176485152,0.17483333523396352,0.18058948932361948,0.1759942859838427,0.176161909965085,0.1530558386888444,0.1644691557012041,0.16193235008871934,0.16250787052700236,0.1617266486232083,0.1607383727257957,0.6689897079857698,0.6279219748794014,0.6354039343037479,0.6017791344437698,0.5926757502655078,0.6253541003756393,0.6622228877060923,0.620315609800275,0.6279505223985433,0.5936383331036084,0.5843488490784312,0.61769524041739,2.3070176442464194e-06,8.189598719278971e-05,1.8288691838582357e-06,1.6030669212341308e-06,2.6702880859375e-06,3.850062688191732e-06,1.582801342010498e-06,8.385022481282552e-05,8.501211802164713e-05,8.540550867716471e-05,7.949630419413249e-05,7.571578025817871e-05
963,8,distance,2.0,0.6221160688419778,0.5980695381996983,0.6404361339032734,0.6394725640121134,0.622312442406145,0.6102896656886587,0.18269531796176092,0.17691190044552024,0.1765984907881836,0.1783727655702762,0.17175610170216382,0.17726691529358093,0.16851998217361114,0.15754514280651055,0.15770936490268062,0.16045631674973862,0.16463504473698734,0.16177317027390564,0.5980695381996983,0.6404361339032734,0.6394725640121134,0.622312442406145,0.6102896656886587,0.6221160688419778,0.5898529018426224,0.6330855949029995,0.6321023268198567,0.6145914020464751,0.6023228445443043,0.6143910140312516,1.5963117281595866e-06,5.247743924458822e-05,1.8365184466044109e-06,1.5334288279215495e-06,1.53730312983195e-06,1.553197701772054e-06,1.5211105346679687e-06,6.559213002522787e-05,4.808783531188965e-05,4.909515380859375e-05,4.9868424733479816e-05,4.974365234375e-05
964,8,distance,2.0,0.6186901525643089,0.6167195498203017,0.6573452338520466,0.6105001113730324,0.5590791029558808,0.6498067648202824,0.1725549553337821,0.17301216327348698,0.1865293784297137,0.19475706535342202,0.16411223967045716,0.17819316041217242,0.1621843356021569,0.15327974205675904,0.16102172386267427,0.17860167259596457,0.15562856145254364,0.1621432071140197,0.6167195498203017,0.6573452338520466,0.6105001113730324,0.5590791029558808,0.6498067648202824,0.6186901525643089,0.6088841743481443,0.650340366400981,0.6025375923551046,0.5500653878544678,0.6426477889733376,0.6108950619864071,2.3614168167114263e-06,9.214178721110026e-05,1.76161527633667e-06,4.157026608784994e-06,1.5886624654134114e-06,2.7581055959065755e-06,1.5416741371154784e-06,0.00010282675425211589,0.00010013341903686524,8.67172082265218e-05,8.565823237101236e-05,8.5373322168986e-05
965,10,uniform,5.821213789944305,0.5645491368437441,0.5379272507586277,0.5425688480949807,0.5685221285437652,0.5654576367148654,0.6082698201064813,0.19036644153458768,0.20174153362126707,0.1850213225769943,0.19474045691834588,0.18545224705720467,0.1914644003416799,0.17412655949302971,0.18071381202558515,0.1673242886580114,0.17320784211107362,0.16422350387222512,0.171919201231985,0.5379272507586277,0.5425688480949807,0.5685221285437652,0.5654576367148654,0.6082698201064813,0.5645491368437441,0.5284811298201328,0.5332176150066328,0.5597014565548813,0.556574317533568,0.6002617073999699,0.5556472452630369,1.935005187988281e-06,0.001247945785522461,1.844167709350586e-06,2.765059471130371e-06,1.668234666188558e-06,1.68303648630778e-06,1.7145276069641114e-06,0.001672131617863973,0.0013868319988250733,0.0010309267044067384,0.0010701334476470948,0.0010797051588694255
966,8,distance,2.0,0.6204937780036597,0.6161228337815554,0.6322711389147473,0.6121298990497729,0.6265472310561893,0.6153977872160338,0.1691993053236531,0.17613516751561498,0.17694716336949548,0.18237208115940742,0.17763907491366898,0.176458558456368,0.16278555734304967,0.155723585067306,0.16831366978888707,0.16307948068935701,0.16263371601874735,0.16250720178146943,0.6161228337815554,0.6322711389147473,0.6121298990497729,0.6265472310561893,0.6153977872160338,0.6204937780036597,0.6082752596850967,0.6247536834922208,0.6042006976674854,0.6189127621851063,0.6075353910432781,0.6127355588146375,2.571245034535726e-06,8.163118362426758e-05,1.8234054247538248e-06,2.796947956085205e-06,2.7165810267130535e-06,2.687076727549235e-06,2.832214037577311e-06,8.077184359232585e-05,8.135596911112468e-05,8.227467536926269e-05,8.273045221964518e-05,8.102297782897949e-05
967,8,distance,2.0,0.6232598638616077,0.6184968391851633,0.5906346401190705,0.5904946799891849,0.6419475494524549,0.6747256105621647,0.18562299749277056,0.18302016276228233,0.17258636181358034,0.17725388064449102,0.1619740276250434,0.17609148606763353,0.1644802793354745,0.17142719434623882,0.1678805504949425,0.16048475691465344,0.14626346868502366,0.16210724995526657,0.6184968391851633,0.5906346401190705,0.5904946799891849,0.6419475494524549,0.6747256105621647,0.6232598638616077,0.610697796715354,0.5822660126598351,0.5821231913347901,0.6346279082146857,0.6680760489382227,0.6155581915725776,3.0929048856099454e-06,0.0001361204783121745,1.7331043879191082e-06,6.182591120402019e-06,1.5279650688171388e-06,4.495084285736084e-06,1.5257795651753743e-06,0.00015265583992004394,0.00013451655705769858,0.00011854251225789388,0.00011952996253967286,0.00015535751978556315
968,8,distance,2.0,0.610155127405475,0.5716746989524046,0.6023776781049986,0.6358840008110278,0.6192586963804857,0.6215805627784577,0.18704931814826492,0.18694302843035368,0.17318892418056067,0.1819459645472213,0.16897353907045018,0.17962015487537014,0.17619924983616322,0.16700983123532448,0.15833940677118388,0.1657175445856083,0.15659876373645992,0.16477295923294796,0.5716746989524046,0.6023776781049986,0.6358840008110278,0.6192586963804857,0.6215805627784577,0.610155127405475,0.5629184747401881,0.5942491127510974,0.6284404028719006,0.6114752285041072,0.6138445606546783,0.6021855559043944,3.40805451075236e-06,8.458749453226725e-05,1.7836689949035645e-06,1.564323902130127e-06,6.971855958302816e-06,2.7737021446228025e-06,3.9467215538024904e-06,9.280681610107422e-05,8.666078249613444e-05,8.43815008799235e-05,8.212447166442871e-05,7.696390151977539e-05
969,8,distance,2.0,0.6221081944796207,0.6259239785641534,0.6369234201747321,0.6547856823402017,0.559132987521457,0.6337749037975595,0.18009620919963792,0.17709965387303173,0.16859999894051336,0.18821714506605458,0.1677590930473598,0.17635442002531948,0.1651765956647524,0.16602012320518056,0.15139696945109826,0.17370665964391463,0.15511912056063795,0.16228389370511676,0.6259239785641534,0.6369234201747321,0.6547856823402017,0.559132987521457,0.6337749037975595,0.6221081944796207,0.6182767685859079,0.6295010710130572,0.6477284901563558,0.5501203739784544,0.6262881897354994,0.6143829786938549,2.672672271728516e-06,8.011531829833982e-05,1.8357237180074055e-06,3.6753217379252117e-06,2.564390500386556e-06,2.650618553161621e-06,2.637306849161784e-06,8.299907048543294e-05,7.265011469523111e-05,8.013010025024413e-05,8.467515309651692e-05,8.012215296427409e-05
970,8,distance,2.0,0.6295825908113397,0.5842198712220701,0.6385089687635677,0.6380048375656273,0.6500054655914287,0.6371738109140044,0.18745423488868665,0.17827513029697856,0.17466003008918846,0.1715447598428526,0.16564191127758898,0.17551521327905906,0.17337463028317462,0.15502487461987985,0.16364709557198898,0.15674763064327463,0.1517196494235536,0.16010277610837434,0.5842198712220701,0.6385089687635677,0.6380048375656273,0.6500054655914287,0.6371738109140044,0.6295825908113397,0.5757201070903237,0.631119032860949,0.630604595744141,0.6428505517704698,0.6297565804727234,0.6220101735877215,2.524197101593018e-06,8.262491226196288e-05,1.7704566319783529e-06,2.675652503967285e-06,2.7109185854593914e-06,2.713302771250407e-06,2.7506550153096517e-06,7.995208104451497e-05,8.489847183227538e-05,8.450905481974283e-05,8.424719174702963e-05,7.951776186625162e-05
971,12,distance,2.745303060190877,0.6028320332732713,0.5695186820070445,0.6511661369053826,0.6312450565370469,0.5690517946454996,0.5931784962713831,0.1884080986683645,0.17700932280446358,0.17791075991112126,0.18463619716695073,0.18271368738439575,0.18213561318705915,0.17661068706172373,0.1604788754980777,0.1505520557866206,0.17424726771774215,0.1629175030961271,0.16496127783205825,0.5695186820070445,0.6511661369053826,0.6312450565370469,0.5690517946454996,0.5931784962713831,0.6028320332732713,0.5607183824910045,0.6440349506070259,0.6237066249841415,0.5602419505837382,0.5848618726857895,0.5947127562703398,1.6596913337707519e-06,0.0013816678524017335,1.8844008445739745e-06,1.6745924949645995e-06,1.5761454900105793e-06,1.5489260355631511e-06,1.6143918037414551e-06,0.0015094351768493652,0.0013274002075195314,0.0013167723019917807,0.0013443068663279215,0.0014104247093200684
972,8,distance,2.0,0.6127522272922283,0.5814821062014375,0.6192251119185777,0.6304213972087928,0.6192655542813055,0.6133669668510275,0.18758494336560305,0.17295774617777718,0.17817263512967502,0.17505435396782734,0.18036464921857995,0.17882686557189248,0.17151103121900194,0.16481583035012665,0.1587729334979249,0.15755460637010887,0.16937923085568224,0.1644067264585689,0.5814821062014375,0.6192251119185777,0.6304213972087928,0.6192655542813055,0.6133669668510275,0.6127522272922283,0.5729263741305981,0.6114409574773901,0.6228661276457698,0.6114822266005144,0.6054630547593961,0.6048357481227337,1.5800793965657555e-06,4.867378870646159e-05,1.7750263214111329e-06,1.5381971995035808e-06,1.5411774317423502e-06,1.5299518903096517e-06,1.5160441398620605e-06,4.894256591796875e-05,4.893342653910319e-05,4.7707557678222655e-05,4.8770904541015626e-05,4.9014488855997724e-05
973,8,distance,2.0,0.6281143049735982,0.6848918218253635,0.5940816227795047,0.6142804840807636,0.611232417760587,0.6360851784217723,0.17207160356051107,0.17744293333157685,0.18149614850857332,0.17696525740662586,0.16501912317817238,0.17459901319709187,0.15303709189385406,0.17161061660063726,0.16851747564193648,0.16608047264600945,0.14583558848778744,0.16101624905404494,0.6848918218253635,0.5940816227795047,0.6142804840807636,0.611232417760587,0.6360851784217723,0.6281143049735982,0.6784500873481989,0.5857834617460363,0.6063952469580536,0.6032848692309909,0.62864569314249,0.6205118716851539,2.512753009796143e-06,8.26121171315511e-05,1.7481048901875814e-06,2.498130003611247e-06,2.506077289581299e-06,2.5150179862976074e-06,3.2964348793029785e-06,8.834481239318848e-05,8.312662442525228e-05,8.189996083577474e-05,8.169054985046387e-05,7.799863815307617e-05
974,8,distance,2.0,0.6257695636004386,0.6436418637006496,0.6148165073821827,0.567871551460696,0.6424497225026715,0.6600681729559927,0.17606240739415333,0.1726725332622604,0.1878018671810241,0.17490199808597082,0.16637856313744243,0.17556347381217022,0.15861672906283308,0.16179036125928548,0.17654633163495778,0.16301627292730386,0.14843331627379686,0.16168060223163544,0.6436418637006496,0.6148165073821827,0.567871551460696,0.6424497225026715,0.6600681729559927,0.6257695636004386,0.6363568592107139,0.6069422281463841,0.5590375797699436,0.6351403471534928,0.6531189703588409,0.6181191969278751,2.5988221168518066e-06,8.436052004496256e-05,1.846154530843099e-06,4.049440224965413e-06,2.8164188067118326e-06,2.6778380076090496e-06,1.6042590141296386e-06,8.11612606048584e-05,8.035739262898763e-05,8.444428443908691e-05,8.864879608154297e-05,8.719086647033691e-05
975,8,distance,2.0,0.6241153533451766,0.6303292426312951,0.6138010801708076,0.6110631558383,0.6203731555713898,0.6450101325140916,0.16505517507393902,0.17694446434622005,0.17984289725850267,0.18247980885634973,0.1726091358337883,0.17538629627375996,0.15284837409915653,0.16743285092271834,0.16938977720731035,0.16197495695277322,0.16136431236983495,0.16260205431035868,0.6303292426312951,0.6138010801708076,0.6110631558383,0.6203731555713898,0.6450101325140916,0.6241153533451766,0.622772089158681,0.605906042627451,0.6031121470990488,0.6126124705064098,0.6377530994479401,0.6164311697679061,2.5574167569478355e-06,6.969730059305825e-05,1.8087029457092284e-06,2.824068069458008e-06,2.8173128763834635e-06,3.830790519714355e-06,1.506209373474121e-06,7.592320442199707e-05,8.668740590413411e-05,8.173982302347818e-05,5.3719679514567056e-05,5.041639010111491e-05
976,12,distance,2.7030490745451328,0.6044098925572744,0.6109213445350503,0.6046244192971357,0.6253953593656287,0.5826448105966426,0.5984635289919142,0.18027662193174365,0.17965313718644818,0.17481123624750325,0.1964050568729517,0.18199637071403535,0.18262848459053643,0.16301070694494052,0.16206900367620833,0.1572630702121505,0.17462734181938863,0.16415662381158216,0.164225349292854,0.6109213445350503,0.6046244192971357,0.6253953593656287,0.5826448105966426,0.5984635289919142,0.6044098925572744,0.602967436757232,0.5965417839164979,0.61773734286203,0.5741128476105433,0.5902549469610845,0.5963228716214776,1.6394058863321937e-06,0.0013381215731302896,1.8386046091715495e-06,1.6617774963378906e-06,1.5802184740702311e-06,1.5555818875630696e-06,1.5608469645182292e-06,0.0013277522722880046,0.001331878105799357,0.0013410596052805582,0.0013656318187713623,0.0013242860635121663
977,8,distance,2.0,0.6192624101359374,0.6056313844903036,0.6120845089410545,0.617725357313419,0.6697479794508688,0.5911228204840413,0.17356303838579648,0.18793214138466696,0.17357477685594025,0.16757221230140856,0.1823794128260378,0.17700431635077002,0.16492498608137732,0.1657325943447599,0.1646656691907229,0.14897865394866636,0.17238737071618435,0.16333785485634217,0.6056313844903036,0.6120845089410545,0.617725357313419,0.6697479794508688,0.5911228204840413,0.6192624101359374,0.5975693344287767,0.6041543796519449,0.6099105434935912,0.6629966604617895,0.5827641728619093,0.6114790181796023,3.053387006123861e-06,7.621089617411295e-05,4.899303118387858e-06,3.2542149225870767e-06,4.077653090159098e-06,1.5210111935933432e-06,1.5147527058919271e-06,0.00010670304298400879,0.00010216871897379557,7.51185417175293e-05,4.8494736353556316e-05,4.8569440841674806e-05
978,10,distance,6.1303591437299625,0.5640479533133359,0.5849535893826259,0.6082342607770077,0.5562408629860411,0.5158493052237652,0.5549617481972398,0.1838905427256672,0.18340087840644312,0.19737889835608552,0.1965875616674191,0.19432462781954182,0.19111650179503137,0.1673531950665533,0.15525252957160623,0.18306238396231642,0.1867917882106727,0.17009945309355412,0.17251186998094054,0.5849535893826259,0.6082342607770077,0.5562408629860411,0.5158493052237652,0.5549617481972398,0.5640479533133359,0.5764688245999879,0.6002254211336076,0.5471691259431664,0.5059518463867723,0.5458638623000793,0.5551358160727228,1.6752282778422039e-06,0.0011010251045227052,1.8368164698282877e-06,1.5787283579508464e-06,1.666545867919922e-06,1.6299883524576823e-06,1.6640623410542806e-06,0.0014981969197591146,0.0010141106446584067,0.0010077397028605143,0.0010152494907379151,0.0009698287645975749
979,10,distance,6.166922424784916,0.5671655705156303,0.6006025905593164,0.5592369535123373,0.5624303805512485,0.5482540640021394,0.5653038639531102,0.17816657289915264,0.19358131290568872,0.19390726133148126,0.19939896467555931,0.19149128249865824,0.19130907886210802,0.15816895967624678,0.17925541078520174,0.17364448200732327,0.17408650098912254,0.17197655083797642,0.17142638085917414,0.6006025905593164,0.5592369535123373,0.5624303805512485,0.5482540640021394,0.5653038639531102,0.5671655705156303,0.5924377372147027,0.5502264653388246,0.5534851753836421,0.5390190533854881,0.5564174012059846,0.5583171665057284,1.7686486244201661e-06,0.001126918077468872,1.8678108851114908e-06,1.6238292058308919e-06,1.6304850578308106e-06,2.116560935974121e-06,1.6045570373535157e-06,0.0013229962189992269,0.0010170141855875652,0.0012500150998433432,0.000991583267847697,0.0010529816150665282
980,8,distance,2.0,0.6227657256051088,0.64699201059661,0.6326143449907504,0.5812082968307835,0.6467724553191478,0.606241520288252,0.17393092475958755,0.1792030455562494,0.17838991015937622,0.17287900022060673,0.17601001672112238,0.17608257948338846,0.16506633424163641,0.15880167158918757,0.17240516286732127,0.15809356131536006,0.1559031415454075,0.16205397431178256,0.64699201059661,0.6326143449907504,0.5812082968307835,0.6467724553191478,0.606241520288252,0.6227657256051088,0.6397754929256719,0.6251039057060639,0.5726469672941044,0.6395514492950078,0.5981919431902265,0.6150539516822148,2.063910166422526e-06,8.30972989400228e-05,1.757343610127767e-06,2.7791659037272135e-06,1.5661120414733886e-06,1.5233953793843587e-06,2.693533897399902e-06,7.294933001200359e-05,7.985830307006836e-05,8.421142896016438e-05,8.739113807678223e-05,9.107629458109538e-05
981,8,distance,2.0,0.6192311814020414,0.6115981185193966,0.6453881994507255,0.5672219468098798,0.6372560915539432,0.6346915506762616,0.17682067462275428,0.17728849026825125,0.18557520145357945,0.17572847105899744,0.177121355176151,0.17850683851594668,0.16353202749392384,0.14887724799622148,0.17707903996669816,0.15830187771964305,0.1603191737731741,0.1616218733899321,0.6115981185193966,0.6453881994507255,0.5672219468098798,0.6372560915539432,0.6346915506762616,0.6192311814020414,0.6036580459848697,0.6381388951805529,0.5583746952966235,0.6298405431700376,0.6272235755623181,0.6114471510388804,1.6274849573771156e-06,6.17535909016927e-05,1.8536051114400227e-06,1.6177694002787272e-06,1.567701498667399e-06,1.538395881652832e-06,1.5599528948465983e-06,9.143312772115072e-05,7.030367851257324e-05,5.0017833709716795e-05,4.770716031392415e-05,4.9306154251098634e-05
982,10,distance,7.204755716989976,0.5692747814157506,0.5468975380217771,0.5598243476271044,0.5671926842571327,0.5911803658725278,0.5812789713002107,0.1894007837591605,0.1904450612449521,0.19157987166681825,0.1871500633956759,0.19372945335753264,0.19046104668482788,0.17788031385068473,0.17338635114138046,0.16897003001462285,0.16825707997962835,0.16716371490316315,0.1711314979778959,0.5468975380217771,0.5598243476271044,0.5671926842571327,0.5911803658725278,0.5812789713002107,0.5692747814157506,0.537634796039258,0.5508258675104524,0.5583448345315545,0.5828228946467532,0.5727190865567737,0.5604694958569583,1.6556580861409504e-06,0.0013971567153930665,1.8592675526936848e-06,1.555780569712321e-06,1.585384209950765e-06,1.6214450200398763e-06,1.6564130783081054e-06,0.002634554306666056,0.0013671271006266276,0.0010087807973225911,0.0009827907880147297,0.0009925305843353272
983,8,distance,2.0,0.6226708539093174,0.6044519148135439,0.6141842894773193,0.6407018908653496,0.6408892755773059,0.613126898813068,0.17637831476360333,0.1859752699832859,0.17480348625945852,0.16819697716972318,0.18105864145442763,0.17728253792609971,0.16449041344844262,0.16773213918095134,0.1567746271497103,0.1542798343991728,0.1642400465451518,0.16150341214468578,0.6044519148135439,0.6141842894773193,0.6407018908653496,0.6408892755773059,0.613126898813068,0.6226708539093174,0.5963657529357969,0.6062970858550498,0.6333567847160892,0.633548000120624,0.6052180790273045,0.6149571405309728,1.6069213549296064e-06,4.9133857091267905e-05,1.8232067426045736e-06,1.5271703402201334e-06,1.5713771184285482e-06,1.5461444854736329e-06,1.5667080879211426e-06,4.972577095031738e-05,4.823803901672363e-05,4.9213965733846026e-05,4.847645759582519e-05,5.001505215962728e-05
984,15,distance,7.770632947389266,0.5525935954151611,0.55651950135383,0.5240188707802529,0.5188746947207183,0.5736892782417815,0.5898656319792228,0.19836573740825247,0.20498674531280775,0.19518171954875826,0.19254685183677395,0.18958419811034477,0.19613305044338744,0.17652661863613786,0.18354962569685684,0.16465579681636394,0.16587507977623728,0.16868349129766402,0.17185812244465198,0.55651950135383,0.5240188707802529,0.5188746947207183,0.5736892782417815,0.5898656319792228,0.5525935954151611,0.5474534604956459,0.5142884218013143,0.5090390837098984,0.564974237933266,0.5814812837402972,0.5434472975360843,1.893619696299235e-06,0.001354912281036377,1.8465518951416016e-06,1.6254186630249023e-06,1.6433993975321451e-06,2.7921795845031738e-06,1.5605489412943523e-06,0.0016299410661061605,0.0011543301741282145,0.0011496686935424806,0.0012852176030476888,0.0015554038683573406
985,8,distance,2.0,0.6075855874162197,0.6049713024130002,0.5950620549323871,0.601324994925489,0.615981017808029,0.6205885670021934,0.17748489513906127,0.18682879557537854,0.1796559397179387,0.1720857511514487,0.18055776616721034,0.17932262955020747,0.16522751781876513,0.17142219672883155,0.16678957076133327,0.16445782181387528,0.16388860070853553,0.16635714156626816,0.6049713024130002,0.5950620549323871,0.601324994925489,0.615981017808029,0.6205885670021934,0.6075855874162197,0.5968957583396715,0.5867839368049401,0.5931749096428754,0.6081305445775288,0.6128322855780475,0.5995634869886126,2.620120843251546e-06,7.009967168172201e-05,6.7595640818277995e-06,1.6260147094726563e-06,1.5818079312642416e-06,1.5536944071451823e-06,1.5795230865478516e-06,0.00014642993609110513,5.106449127197266e-05,5.114277203877767e-05,5.173444747924805e-05,5.012671152750651e-05
986,11,uniform,2.002314807759241,0.6175392490835157,0.5932789679912878,0.643412752255247,0.5857485418093598,0.6293607538414517,0.6358952295202323,0.18921542187434084,0.17569639383867597,0.18388153681568592,0.17201058958933177,0.175900458234993,0.1793408800706055,0.17295320921464363,0.15793112126390088,0.16896670912752307,0.15814027606133468,0.15019173202148503,0.16163660953777745,0.5932789679912878,0.643412752255247,0.5857485418093598,0.6293607538414517,0.6358952295202323,0.6175392490835157,0.5849643983420467,0.6361230640560357,0.5772800281836568,0.6217838016201527,0.628451861128823,0.6097206306661429,1.6151666641235353e-06,0.001552678902943929,1.82191530863444e-06,1.5686949094136555e-06,1.5281637509663899e-06,1.5950202941894532e-06,1.562039057413737e-06,0.0019298136234283448,0.001449568271636963,0.001421972115834554,0.001461784839630127,0.0015002556641896567
987,8,distance,2.0,0.6275652647730245,0.5825496169915805,0.6435578250296321,0.6495530045407849,0.6332005462099795,0.6289653310931458,0.18965136624865456,0.17106158129647778,0.1696328612144835,0.17375454426567885,0.17151714696020606,0.17512349999710014,0.17275517734635773,0.15963301271487018,0.15721899187009275,0.16149449951616543,0.15643987959427202,0.1615083122083516,0.5825496169915805,0.6435578250296321,0.6495530045407849,0.6332005462099795,0.6289653310931458,0.6275652647730245,0.5740157079692618,0.6362711025430147,0.6423888410901706,0.6257020905958735,0.621380295272222,0.6199516074941085,2.1346608797709145e-06,7.043886184692382e-05,1.7916162808736166e-06,3.34779421488444e-06,2.4164716402689614e-06,1.5392899513244628e-06,1.5781323115030924e-06,9.827772776285807e-05,9.474833806355794e-05,6.059885025024414e-05,4.896084467569987e-05,4.960854848225911e-05
988,8,distance,2.0,0.6182002240441447,0.6464885080331229,0.565623692808581,0.636963532462483,0.6172712867708866,0.624654100145649,0.1743826292879323,0.192437351013792,0.17144638296569514,0.17187746934179837,0.17681497169597293,0.17739176086103814,0.15561273525221445,0.1826242760852207,0.1578454473878481,0.15849710660039956,0.16293897283186032,0.16350370763150862,0.6464885080331229,0.565623692808581,0.636963532462483,0.6172712867708866,0.624654100145649,0.6182002240441447,0.6392616972944474,0.556743768300409,0.6295420033135048,0.6094471904186731,0.6169809301315907,0.6103951178917251,3.0765930811564132e-06,0.00012858438491821286,1.7665823300679524e-06,1.5456477801005047e-06,6.737907727559408e-06,2.6701887448628743e-06,2.662638823191325e-06,0.00015308419863382976,0.00018143614133199056,0.00012965043385823567,9.020487467447917e-05,8.85462760925293e-05
989,8,distance,2.0,0.6230910812282605,0.6080181126851618,0.644198287465426,0.6179580487506564,0.6171187503894651,0.6281622068505933,0.1721054797749531,0.172068801675999,0.18066428628576625,0.17613775562635534,0.17771419435559052,0.17573810354373284,0.16455540460466403,0.15863523059038684,0.1632612158657213,0.16762131595404586,0.15998712448994085,0.16281205830095175,0.6080181126851618,0.644198287465426,0.6179580487506564,0.6171187503894651,0.6281622068505933,0.6230910812282605,0.6000048543414173,0.6369246579076493,0.6101479918256272,0.6092915357466603,0.6205607528168746,0.6153859585276458,3.082593282063802e-06,9.968304634094238e-05,1.770953337351481e-06,7.100900014241537e-06,1.5520056088765463e-06,3.4100810686747233e-06,1.5790263811747233e-06,9.417017300923666e-05,0.00010046561559041341,0.00011970202128092448,0.0001010437806447347,8.303364117940267e-05
990,8,distance,2.0,0.6277069384729222,0.6407682237330596,0.6430278181944468,0.6036935433173771,0.6358466289956664,0.6151984781240611,0.18062180978461867,0.16876028341964106,0.17402246855572073,0.17938590489481063,0.17462234511515992,0.17548256235399023,0.1598987855740838,0.15805106874432004,0.16427867987835132,0.16068272524570731,0.16167886266058717,0.16091802442060993,0.6407682237330596,0.6430278181944468,0.6036935433173771,0.6358466289956664,0.6151984781240611,0.6277069384729222,0.6334244736219807,0.635730260815117,0.5955918781041037,0.628402267067128,0.6073320074894593,0.6200961774195577,2.7448534965515138e-06,9.178376197814943e-05,1.8149614334106445e-06,3.831485907236735e-06,2.701878547668457e-06,2.6421745618184407e-06,2.733767032623291e-06,8.739193280537923e-05,8.091489473978678e-05,9.374300638834635e-05,9.814341862996419e-05,9.87255573272705e-05
991,8,distance,2.0,0.6238271228618087,0.5975588830846508,0.6309074057112114,0.6234337464792781,0.6170158894078224,0.650219689626081,0.1834396957419657,0.1646084791689332,0.18003301707312985,0.18454863809644267,0.17007041759549765,0.1765400495351938,0.17505127841468757,0.16164197834267519,0.1595379702960152,0.1619979050544216,0.15028053882909143,0.1617019341873782,0.5975588830846508,0.6309074057112114,0.6234337464792781,0.6170158894078224,0.650219689626081,0.6238271228618087,0.5893318074407254,0.6233620715860573,0.6157356288604559,0.6091865719851544,0.6430691551720997,0.6161370470088985,3.0105312665303552e-06,8.944233258565268e-05,1.8026431401570637e-06,2.6880701382954917e-06,3.8416186968485515e-06,2.782245477040609e-06,3.938078880310058e-06,9.249051411946615e-05,9.476661682128907e-05,8.519649505615234e-05,8.482138315836588e-05,8.993665377298991e-05
992,11,uniform,2.0014807345179175,0.6164922773235476,0.5726504812436006,0.6495150057234158,0.6136013024413072,0.6228448662673187,0.6238497309420962,0.18491949294496535,0.17198785458669472,0.1797234328457064,0.17791324444978981,0.1832307299379998,0.17955495095303123,0.1733157367525494,0.15303740501465102,0.15985727069334926,0.16075722138512527,0.16234703582339238,0.16186293393381346,0.5726504812436006,0.6495150057234158,0.6136013024413072,0.6228448662673187,0.6238497309420962,0.6164922773235476,0.5639142048806078,0.6423500654656321,0.6057021808557802,0.6151347102114547,0.6161601172645921,0.6086522557356134,1.691559950510661e-06,0.0018479584852854412,1.8312533696492513e-06,1.6238292058308919e-06,1.6269087791442872e-06,1.685619354248047e-06,1.6901890436808268e-06,0.0024820947647094726,0.001694949467976888,0.0019959425926208496,0.0015218047300974528,0.0015450008710225422
993,11,uniform,2.012063808962136,0.6139109894390911,0.5994313641265712,0.6365231070643467,0.6066879470034555,0.6276742199443341,0.5992383090567477,0.18264194452066812,0.1787443029937472,0.18343456219806994,0.1813225748245332,0.173609147131587,0.1799505063337211,0.1640245193634218,0.16022351079333563,0.16823504142018897,0.15817991244650761,0.1620619710268342,0.16254499101005765,0.5994313641265712,0.6365231070643467,0.6066879470034555,0.6276742199443341,0.5992383090567477,0.6139109894390911,0.5912425674817992,0.6290925743297167,0.5986474961755874,0.620062790028375,0.5910455658006676,0.6060181987632292,1.6338030497233073e-06,0.0015434758663177488,1.8701950709025064e-06,1.5489260355631511e-06,1.6015768051147462e-06,1.5843907992045085e-06,1.5639265378316243e-06,0.0018570403258005778,0.0014446596304575601,0.0014532117048899334,0.0014777640501658122,0.0014847036202748616
994,13,uniform,2.0017033957148174,0.610676161437724,0.643706950459509,0.6201390167486529,0.6229062026238725,0.578534774281245,0.5880938630753403,0.17353462857496613,0.1806357356495827,0.18085475683195687,0.18823045402648667,0.18422155745209026,0.1814954265070165,0.14667660623764286,0.15802753424578922,0.16263164281899076,0.17197605443926747,0.1720538317002833,0.16227313388839473,0.643706950459509,0.6201390167486529,0.6229062026238725,0.578534774281245,0.5880938630753403,0.610676161437724,0.6364232765336386,0.6123735452000734,0.6151973004628615,0.5699187901098224,0.5796732946884648,0.6027172413989722,2.123673756917318e-06,0.0018135362466176353,3.0297040939331054e-06,1.564621925354004e-06,2.673168977101644e-06,1.6415119171142578e-06,1.7093618710835775e-06,0.0023832281430562338,0.0019921831289927165,0.001569873889287313,0.001526645024617513,0.0015957510471343993
995,11,uniform,2.0067629194359213,0.6128835141296755,0.6054371701171077,0.6484190349183981,0.6037849155081979,0.6381599999568631,0.5686164501478108,0.18028819798418538,0.1725876352505018,0.18312207624132293,0.1789990641929777,0.18854642751116713,0.18070868023603098,0.16484800477605568,0.15551788112736975,0.16790869495144634,0.1536893582829761,0.16852718402027103,0.16209822463162377,0.6054371701171077,0.6484190349183981,0.6037849155081979,0.6381599999568631,0.5686164501478108,0.6128835141296755,0.5973711497447147,0.6412316898059973,0.5956851182102394,0.6307629301093033,0.5597977063688904,0.6049697188478291,1.619915167490641e-06,0.0018956085840861002,1.7973780632019044e-06,1.5388925870259602e-06,1.6222397486368814e-06,1.5778342882792155e-06,1.5632311503092448e-06,0.0022732174396514894,0.0019095337390899658,0.002355293432871501,0.001470394531885783,0.0014696037769317627
996,8,distance,2.0,0.6199070745129027,0.630032247984651,0.6360425638859892,0.6122411266745933,0.6111861885352994,0.6100332454839814,0.17550225461584887,0.17240730790087377,0.18303750919751788,0.18142500092097202,0.1719102125276865,0.17685645703257982,0.15734491922821187,0.16210194523983254,0.17065773123813194,0.16251310538740651,0.1632634666951726,0.16317623355775107,0.630032247984651,0.6360425638859892,0.6122411266745933,0.6111861885352994,0.6100332454839814,0.6199070745129027,0.6224690230712195,0.6286022074407284,0.6043141991108711,0.6032376949448797,0.6020611823592927,0.6121368613853984,2.8177698453267414e-06,8.505972226460774e-05,1.7461180686950685e-06,2.6897589365641275e-06,2.6891628901163737e-06,4.369815190633138e-06,2.593994140625e-06,8.404334386189779e-05,7.094780604044596e-05,8.899132410685221e-05,8.688410123189291e-05,9.443203608194987e-05
997,8,distance,2.0,0.6262732204398527,0.6180165616271522,0.6397576900438628,0.6585615923175954,0.6096109859880341,0.6054192722226186,0.17874203046782974,0.1705912149017625,0.1685727377555923,0.1672041023994142,0.1911277801202445,0.17524757312896866,0.169413386057346,0.15467132938797498,0.1551917995314817,0.16185017042301666,0.16874168807395726,0.16197367469475532,0.6180165616271522,0.6397576900438628,0.6585615923175954,0.6096109859880341,0.6054192722226186,0.6262732204398527,0.6102077008767703,0.6323932816631581,0.6515815907976825,0.6016302906419633,0.5973528859648186,0.6186331499888785,2.700666586558024e-06,9.165740013122559e-05,1.7731388409932455e-06,1.542965571085612e-06,3.850261370340983e-06,2.721250057220459e-06,3.615717093149821e-06,8.897185325622559e-05,9.439746538798014e-05,8.721351623535157e-05,9.359081586201986e-05,9.411334991455078e-05
998,8,distance,2.0,0.6164537451212477,0.6421930565935483,0.6023113212386229,0.6106444144943126,0.6133614159173133,0.6137585173624416,0.17111360130408035,0.18797011251610876,0.18304970226613587,0.17505659374054267,0.17178109484310322,0.17779422093399416,0.1521467505801754,0.1691562575366705,0.1667252781293765,0.166230793861936,0.16559071196422012,0.1639699584144757,0.6421930565935483,0.6023113212386229,0.6106444144943126,0.6133614159173133,0.6137585173624416,0.6164537451212477,0.6348784342411166,0.5941813993559371,0.602684845455014,0.6054573903483316,0.6058626097105664,0.6086129358221932,2.5414427121480307e-06,8.805084228515625e-05,1.7755230267842611e-06,2.677639325459798e-06,2.7933716773986818e-06,2.715587615966797e-06,2.7450919151306152e-06,0.00010942975680033366,8.290767669677735e-05,8.063515027364095e-05,8.230765660603842e-05,8.497397104899089e-05
999,8,distance,2.0,0.6237546514450415,0.6302012444675824,0.6164404300947923,0.6091670849542625,0.618796914166714,0.644167583541856,0.17768244763330457,0.1781002488122387,0.17924843655329928,0.18030260971363676,0.17054540020218137,0.17717582858293213,0.15823172724749132,0.1641096358359545,0.16242290880239194,0.16620400747156466,0.1551326702496071,0.1612201899214019,0.6302012444675824,0.6164404300947923,0.6091670849542625,0.618796914166714,0.644167583541856,0.6237546514450415,0.6226414743374478,0.608599348597582,0.6011773149703633,0.6110040061087934,0.6368933263059144,0.6160630940640202,2.6001532872517905e-06,0.00010645429293314616,1.8266836802164715e-06,1.6765793164571127e-06,3.955761591593424e-06,2.7444958686828614e-06,2.797245979309082e-06,0.00016630450884501139,9.586413701375325e-05,8.291920026143392e-05,8.93402099609375e-05,9.784340858459472e-05
